1485871.7580895342
1487370.8976715978
1497379.8025684557
1485972.0104565169
1469259.483333686
1493313.1468177268
1480069.717508436
1468461.8170913572
1468461.6106221299
1485727.798366767
1495768.4460471703
1497851.0585714146
1492092.0416066202
1492866.0587894272
1498082.258298188
1465855.2718731654
1495553.9343427853
1468645.390610795
1465855.2710406461
1481966.7227391822
1495440.8736738407
1497067.07782094
1491548.291522581
1498899.2947109619
1487970.5528588388
1495095.4252448385
1492812.0381152604
1495553.9350488854
1471673.2761244792
1468318.139967611
1465934.4979556587
1496246.1467061008
1477332.347177573
1481427.823525103
1466144.1667310772
1468453.9152630218
1478724.8157106736
1471344.3360892972
1466676.2562446527
1496677.5595267115
1474807.5811536214
1468450.9626607252
1492640.6591443531
1496515.0767122451
1488122.8178558815
1487645.01012405
1468318.417724322
1491310.9700267664
1466608.7912140377
1475742.7967310338
1468318.8919049227
1474807.7102764738
1492090.8768907744
1465855.2727174542
1468295.7004880728
1471430.1472974534
1471430.147319075
1489571.2501800214
1468716.5883387672
1486425.2683436421
1468461.7694762577
1465780.1371362288
1474807.8106113079
1470893.5423505148
1488688.9883547837
1474627.647932513
1486409.17692717
1488080.6103838158
1479628.3373776725
1474249.2386590103
1485064.5053878715
1479628.6553303525
1484063.2652118565
1471392.2994079078
1489745.1447873118
1481430.774585079
1491602.102370359
1468461.819651171
1471182.01149405
1498899.2925417188
1468205.0039766405
1468194.5100227518
1494016.251647594
1471344.3355389491
1491479.843665744
1498899.2727564715
1474623.9490897327
1476039.10081572
1488060.926649917
1465845.092904751
1471344.3362023865
1489629.2667206996
1487791.5454061937
1498898.9489753356
1465855.2728963555
1488022.7252869825
1489747.0772315601
1494079.374854169
1496320.1927625854
1488404.3341795478
1495553.9133073613
1488127.5823513074
1488193.8218188493
1487824.0337018308
1488060.7475104376
1477653.3460885799
1496277.0398481162
1484877.3807312076
