1548663.28839
1550533.57771
1563985.97919
1548860.29422
1525276.99345
1560769.08929
1540937.32725
1522160.89357
1522170.03152
1547943.58454
1562129.883
1563633.12951
1558426.651
1560558.4614
1562322.77681
1518904.83054
1561820.18943
1523991.62873
1518904.84698
1544169.37398
1561529.00727
1563527.47883
1558208.90647
1562935.87518
1549565.85497
1561553.74719
1560278.89229
1561821.54366
1532602.80871
1522834.83888
1518903.64712
1562835.59765
1539579.68652
1539843.5027
1519252.16933
1523073.14032
1542665.90124
1525856.67155
1520577.20649
1564138.02158
1531968.24412
1523092.94053
1558286.43354
1563327.64901
1549557.93322
1548858.43231
1522842.46271
1559396.08922
1520499.759
1533967.33062
1522622.21585
1531968.41285
1558460.83649
1518904.49219
1522074.57282
1526195.99122
1526195.73319
1545885.71006
1524069.02107
1543141.4294
1522162.16768
1521184.86849
1531968.54451
1525928.41028
1553948.95091
1532850.92024
1543271.77044
1549333.0955
1543817.15322
1533119.04567
1541094.45276
1543802.29446
1542774.92492
1526279.88903
1545449.66747
1539820.17615
1561700.60278
1522160.19723
1533506.92496
1562936.46015
1521186.19487
1520980.86933
1560378.64108
1525857.14186
1558006.98753
1562936.40854
1532834.81421
1534670.09093
1549195.94686
1518936.33904
1525856.6925
1544716.24118
1549610.43283
1562945.15474
1518904.58231
1546620.22317
1545418.64839
1560515.96016
1561395.33991
1554954.89156
1561825.01785
1549481.24568
1549526.37479
1549072.07227
1549193.10063
1541584.37026
1562643.2564
1547337.50583
