22
25
28
31
40
42
42
43
44
44
45
48
51
51
53
54
54
55
55
55
57
57
57
57
58
59
59
59
60
63
63
63
64
64
64
65
67
65
66
71
71
71
73
75
75
78
78
80
79
83
86
89
92
94
99
100
100
105
108
109
112
112
115
119
120
121
122
122
127
130
132
133
134
135
40
49
141
141
142
144
52
55
148
148
57
76
48
152
153
153
44
155
164
45
165
28
164
164
49
36
50
62
169
48
79
97
70
60
180
69
53
80
112
84
91
194
45
94
95
201
83
50
94
73
108
94
216
92
107
106
142
119
50
69
125
235
62
57
55
89
68
69
58
132
246
57
54
79
86
63
58
24
103
33
52
150
159
53
48
81
75
43
174
120
60
76
43
44
85
44
55
201
137
53
99
105
43
182
