1418285.18998
1429565.00592
1438728.14729
1408482.79976
1389776.80898
1438728.28364
1381531.11554
1413259.80994
1396503.40913
1418287.81558
1396504.02558
1430668.3203
1409860.19286
1417829.88468
1380462.22821
1406686.57846
1417827.53945
1401104.25152
1380462.18716
1386654.54185
1399773.06331
1424094.37554
1330473.21557
1430581.90466
1423371.93937
1307648.60149
1432839.49113
1401001.96711
1404338.37688
1398177.34782
1349319.40144
1380462.24473
1406309.26112
1438832.30852
1433787.53749
1360589.06191
1406412.55098
1432882.87362
1440519.82583
1401912.42663
1434423.39065
1418283.9392
1395850.08936
1399773.0642
1418281.21573
1401912.37935
1432150.01959
1395024.4308
1380462.24405
1404338.38842
1387264.30465
1434423.45514
1386807.41054
1362896.0818
1386807.52405
1389776.85411
1415650.0235
1430398.52498
1442684.52717
1441867.3101
1399773.06337
1437919.77277
1442684.54864
1386807.56985
1440618.34443
1406686.58124
1423411.4641
1411804.60086
1422702.24285
1413572.97023
1383923.37309
1430398.54683
1361728.00102
1434435.93582
1418363.07077
1345336.23833
1386842.60653
1330338.75445
1415825.91413
1352938.6813
1408421.16055
1386807.59635
1413259.55165
1415825.91419
1431639.66668
1406686.5873
1351008.59119
1400666.14392
1362896.076
1342263.3765
1353195.64202
1386807.56956
1401977.91959
1389776.90641
1396505.03967
1349786.46518
1423181.56376
1389776.98455
1381083.80448
1380462.22196
1383037.68994
1396267.81408
1404338.38791
1355200.71238
1434423.44874
1389903.43151
1428997.09098
1441867.31127
1330570.97214
1434435.93582
1438728.23049
1351008.14378
1399513.51107
1408421.6689
1404338.39908
1415825.9106
1423371.92727
1399773.05361
1376544.12937
1350832.65217
1403059.52695
1413679.68136
1384207.24792
1362756.00692
1389903.43153
1399773.06401
1330338.7498
1395024.3983
1307648.57517
1337556.03694
1408482.79973
1330338.73784
1354325.80808
1362756.00412
1432182.25413
1342263.37867
1431640.22789
1442680.60393
1441867.31174
1396685.74912
1386486.42214
1434423.42928
1414135.68655
1414410.69232
1418284.10873
1418283.95762
1413572.96838
1362642.70597
1429774.47868
1398330.72771
1386654.53155
1413696.94638
1431640.22788
1431640.22788
1376934.16638
1308453.04307
1432839.50301
1380462.22047
1401912.45368
1401912.45323
1413572.96671
1409730.61189
1424730.99366
1351668.26861
1414410.69227
1330338.7395
1357915.87355
1404338.39361
1430333.50547
1422667.04683
1414023.4999
1407937.64344
1430398.67241
1376543.98845
1350342.41731
1413559.63496
1406309.28317
1416968.138
1401912.45386
1423766.58727
1386654.54357
1413030.67081
1392301.73893
1357911.7424
1441867.30994
1414619.4289
1417729.80297
1389776.97204
1418354.11209
1418283.59935
1392120.90128
1403045.9237
1432150.01959
1350075.78141
1407294.59359
1403056.96205
1380121.03049
1389777.01768
1422702.24284
1415289.81126
1434423.45243
1435949.32473
1440548.94447
1399773.05624
1426890.36049
1425439.3995
1406686.57923
1344064.89012
1362819.24895
1386842.55299
1392940.41845
1335691.22185
1413259.55185
1424731.01502
1424731.01664
1425162.00259
1395024.36609
1401104.28201
1412039.86208
1423371.92901
1350832.16802
1386654.46718
1405478.63718
1429777.81938
1392301.82631
1432839.48804
1414568.17819
1407937.89312
1342804.29678
1386807.56854
1352291.74623
1330338.73439
1423181.56461
1414410.69218
1411804.54522
1428997.07951
1383037.98673
1413696.9467
1347406.51175
1399513.51115
1382683.25119
1415825.92532
1418264.56965
1360589.05768
1349108.74455
1426223.44359
1430398.55108
1414410.69242
1417839.13924
1408420.24187
1284883.11244
1422701.93062
1343929.80815
1400666.18835
1362819.23588
1404338.38624
1362896.08188
1395024.40483
1403059.52425
1330338.75446
1349319.24417
1386807.63987
1382683.09876
1362896.0821
1418582.49584
