13
13
14
15
15
18
18
20
20
21
21
21
22
23
25
25
26
26
27
27
28
28
28
30
29
30
30
32
32
33
33
35
35
35
35
36
36
36
36
36
37
37
38
38
41
42
43
44
44
44
45
48
49
50
51
52
56
56
61
62
67
68
70
69
73
11
75
75
76
76
77
81
10
82
84
88
13
89
11
95
19
31
33
22
98
26
21
102
20
32
34
19
106
38
17
27
47
40
22
39
29
22
35
117
38
117
19
31
33
120
26
36
31
28
41
27
36
48
127
18
131
9
135
34
139
8
77
64
38
20
20
143
15
15
147
52
46
43
66
36
12
36
157
159
28
43
89
12
11
165
40
16
95
85
15
23
21
12
108
31
43
45
40
87
109
88
12
35
30
23
24
31
23
107
50
198
54
112
32
87
40
82
44
20
63
124
122
17
43
29
36
51
78
143
16
118
15
51
221
12
34
13
72
34
35
24
25
39
80
82
35
113
36
59
48
171
31
24
20
21
23
17
25
20
52
58
97
52
44
26
112
66
35
195
83
35
19
20
44
14
128
31
28
17
17
171
42
103
34
18
28
298
93
150
130
35
49
45
106
124
36
39
113
27
108
