1290563.732576732
1286135.7302718684
1300487.084550429
1274133.7240020037
1281339.3273782763
1274339.6777689895
1286325.1297519049
1288296.2170166045
1275511.464512655
1255838.1047482605
1282754.629291202
1262034.581356667
1273754.7462131784
1275552.428571875
1270912.8203531145
1275552.4279842125
1278352.5030003132
1259358.0424372319
1266219.0275526159
1302498.3574684619
1275528.4823780877
1262215.102952849
1264815.808507438
1282166.080366571
1276784.3771827526
1292709.927198308
1290145.4684663792
1287336.4604916682
1252512.5668199682
1288571.8084416962
1275552.427562846
1282956.088958767
1300656.2507272873
1274339.6773116244
1277598.7127849741
1292704.9195128896
1292991.3990509263
1259223.9572938296
1255468.6596423397
1296514.7437015506
1282166.081212124
1293869.250601271
1282166.0816993506
1292704.8703544387
1300477.981509853
1279776.3528518104
1255435.6324910417
1264687.299012645
1286325.2208211347
1268808.320078722
1282158.478555177
1302498.263167376
1255468.6668219888
1275552.4260751081
1293001.263017316
1255435.6329269155
1300477.981483858
1286956.5203932172
1300487.0819928201
1293504.5986796992
1264687.2991577634
1277355.653513309
1282166.0803656073
1265569.6149416473
1296163.526866771
1295382.104857833
1282757.9710903596
1292574.5378912953
1302801.6310573649
1279142.2834811585
1285386.6300526098
1275528.4843910588
1268808.4466887487
1295525.5744078867
1282628.372147593
1300633.3773419808
1282166.0804978146
1288571.807506608
1267613.1637495
1268805.8189973636
1256692.9710831533
1254859.0118673346
1288571.8075779718
1273754.7453943782
1274339.6779212616
1283854.3543582677
1283385.035012525
1256644.5289106688
1274046.5841611954
1273754.7461102982
1275511.4645482013
1275511.4604952952
1282166.0803879804
1254614.6336817325
1210527.9677557603
1289221.3190473854
1293869.2506779912
1282754.628434235
1264322.4698612294
1262217.8166158812
1286325.129758143
1291405.2383513793
1292704.919617143
1259223.9572941938
1282956.0981787937
1292566.2146768968
1264815.6631891308
1286841.2378994517
1220986.4697970657
1293875.2287821318
1300656.2663825022
1293875.4041917478
1283855.5007203957
1269623.6528988043
1302801.6290987781
1259419.0773934533
1286841.2379078595
1287334.6768934808
1280049.6698581458
1263495.7679758794
1286328.068480584
1263498.808193641
1292991.194300384
1254556.3918383678
1283855.561489574
1283042.781068253
1277590.82858124
1268805.8702301262
1256635.6002388122
1300487.0820305115
1262215.089001233
1268808.3200496216
1269623.6528282294
1287334.6730368424
1300656.2714276891
1290557.1586155805
1285386.6300420908
1286325.1296470833
1293869.2497268594
1290556.4044831803
1275535.2009105769
1267724.1418734787
1287334.675515094
1277003.44193654
1256144.565876691
1300656.271427942
1281349.6363172904
1275535.200876377
1293470.767678207
1288272.1497440813
1283854.642501799
1293875.4044644276
1262217.816818184
1292709.927211256
1277598.7187425892
1279142.2834804205
1280747.5134611852
1296163.4305822991
1279776.3529070104
1284741.4726743537
1264658.1709400213
1286325.1296470775
1288571.8293754961
1282158.4746924266
1273255.182091048
1284741.4726538502
1282933.681403905
1286131.5426693761
1286871.278092008
1292709.9271987032
1293869.2506624954
1259208.3370306839
1270912.8534554036
1283854.352779358
1302498.263153192
1270838.3331299315
1269109.4434650417
1259419.1140597337
1275990.0278389482
1282166.0803996585
1258877.409907971
1278352.503449692
1279996.6876308606
1300633.37586543
1287752.8684509716
1280746.2971399655
1286368.9001997914
1289224.678741787
1275552.4297974273
1264815.8472173826
1300487.0820114585
1265545.9110559865
1287752.8713580067
1258071.1180783415
1292709.9271986813
1286462.0351942433
1256644.642527769
1276784.3751997424
1277590.8285812342
1286325.5803265055
1279142.2834811346
1286328.070786738
1279142.2834811592
1302793.361603873
1283385.0498580844
1279770.2535192303
1300656.2714289105
1293001.2687154557
1256644.6423886034
1290557.1205408531
1263499.2845558547
1296493.802591396
1279776.352903361
1279776.352905385
1293875.340185574
1279770.2535546888
1292991.1199393852
1263498.8057591955
1275528.4823798668
1286841.2379082798
1265545.9110564664
1277068.9966667746
1283854.3550129866
1275535.2008848994
1302801.6310573376
1293869.2504032752
1270214.4109522183
1254950.2953764389
1296163.4506364812
1286131.5434170652
1261018.6829520215
1280378.4833106578
1284741.4726814188
1269973.1150631555
1300477.9814835952
1293001.2567742972
1279776.35277282
1274178.2282502507
1277355.4553404064
1269386.3049130086
1289224.64324488
1295525.5743745265
1275535.200877614
1277355.6521932017
1286328.0706336875
1282166.0813011504
1295525.5712270534
1235323.2838643873
1293875.404468866
1274389.0749425902
1255838.1047341349
1259419.0844659056
1275511.4645316454
1267612.8228990422
1275993.9225294073
1252048.2667081624
1274339.6920250978
1293869.250571839
1277068.9964004036
1302801.6297389136
1300633.3773146784
1279005.55397203
1258543.1376979318
1281349.6495153424
1283580.7091514098
1264704.66601248
1249949.537593142
1273613.5579072179
1234140.2655159377
1290343.3863426389
1300487.0820547095
1274389.0991825322
1285405.496479156
1288587.1535300582
1277598.7187425946
1273664.259595231
1234070.3339422331
1259208.337032917
1300487.0819862133
1281966.1760507273
1236241.1769362125
1264658.1727847173
1275535.2008801312
1263495.305670311
1291381.6094224507
1284741.4727165042
1264815.8472174043
1275552.4275613092
1269386.304914522
1251588.4021337708
1289074.2648767333
1289132.5679701213
1288587.1641241247
1275511.4645317793
1293001.371066867
1270252.7844019227
1288272.1400030178
1262215.0866764302
1261022.908471694
1275528.4824753462
1282141.8304889575
1252664.7282090497
1302498.3396475886
1234140.2626735452
1281349.6886868617
1275528.482378443
1283854.4697505836
1271990.9261532323
1267615.6672078467
1290557.1586285161
1273623.9448535058
1291405.238358813
1296514.8021779507
1287761.6789010582
1289221.318896587
1302801.6310445992
1286871.2780920083
1290557.158620867
1283855.5011943546
1293875.40446857
1290191.20558696
1291405.2383161206
1293875.3633116956
1266219.035454541
1281339.2574740339
1293001.2765678538
1272182.5554889282
1288296.4873386165
1277590.8285811762
1277598.718426046
1269388.286697504
1280376.9204635858
1263498.8059860354
1263498.8059998695
