1336611.92983
1333991.22339
1346112.53055
1317109.15513
1328409.50778
1318097.23566
1331130.48531
1336237.44833
1319611.9233
1295047.10492
1335815.47301
1290522.14371
1317284.8064
1319612.27838
1312832.1533
1319612.27773
1323712.07162
1302753.22503
1301682.90242
1344632.87389
1314420.66481
1296213.27493
1318717.26291
1326886.83336
1317774.88986
1333201.56556
1333331.31079
1334748.49637
1305494.50432
1336285.42555
1319612.27726
1325374.00022
1346111.06825
1318097.23522
1315376.6102
1333205.12094
1332922.56022
1301678.32666
1299423.58794
1345469.89838
1326886.83394
1333961.36131
1326886.83429
1333205.07746
1346093.01169
1319123.54155
1299400.43524
1296411.03806
1331130.58184
1314780.07276
1322548.57189
1344637.22172
1299423.6535
1319612.27617
1332908.1534
1299400.23704
1346093.0128
1332676.16306
1346112.53376
1338866.81118
1296411.03991
1320015.87679
1326886.83336
1319208.62585
1338362.05754
1337618.47345
1335816.8059
1344685.36166
1344805.38453
1316480.47056
1331236.4996
1314420.66541
1314780.17636
1333083.13251
1325530.74272
1346107.39948
1326886.83345
1336285.42488
1299297.10669
1314772.2343
1297680.65368
1292855.70669
1336285.42494
1317284.8048
1318097.23582
1328265.62087
1332216.1354
1288506.14974
1319741.14057
1317284.80632
1319611.92334
1319611.92033
1326886.83337
1296587.74217
1238358.46366
1333734.50561
1333961.32157
1335815.47174
1298936.09564
1296206.89925
1331130.48532
1338696.28617
1333205.12102
1301678.32666
1325374.0075
1344676.21374
1318717.11505
1321521.80775
1258088.09687
1333975.64788
1346111.09131
1333975.73069
1328275.1688
1304292.73324
1344805.38307
1302837.29838
1321522.08402
1334758.38296
1323820.56331
1293347.29828
1331130.46267
1293355.21518
1332922.23128
1296562.56502
1328275.13132
1324492.1948
1315379.60605
1314772.28136
1288510.08151
1346112.53161
1296213.28981
1314780.07266
1304292.73321
1334758.37969
1346111.09524
1336605.87255
1331236.49959
1331130.48514
1333961.32827
1336605.26312
1314414.21552
1298101.58008
1334758.38162
1315415.52799
1289311.65913
1346111.09524
1328417.07614
1314414.21551
1338853.28065
1336223.58398
1328265.84268
1333975.73081
1296206.9014
1333201.56557
1315376.67518
1316480.47097
1319889.14868
1338361.98661
1319123.46666
1322748.55306
1308073.8072
1331130.48514
1336285.44067
1322548.56973
1318414.97469
1322749.11333
1319195.51076
1334005.03484
1321566.58921
1333201.56556
1333961.30682
1301672.8558
1312832.1941
1328265.61991
1344637.22172
1312830.66476
1305878.88059
1302837.30619
1314919.91728
1326886.83338
1297479.80866
1323712.07323
1324132.16652
1346107.39794
1337044.83533
1319894.14863
1322489.14234
1333728.95279
1319612.27975
1318717.29962
1346112.53267
1319202.58412
1337044.86174
1292554.95771
1333201.56556
1320701.97778
1288506.257
1317773.88137
1315379.60637
1319953.20079
1316480.47004
1331130.4663
1316480.47058
1344803.87407
1332216.15909
1319143.90317
1346111.09524
1332908.16101
1288506.25687
1336605.82492
1293355.57639
1345452.49421
1319123.47545
1319123.48495
1333975.71015
1319143.90321
1332922.11768
1293355.21558
1314420.66481
1321522.16617
1319202.58412
1318101.34486
1328265.6221
1314414.21587
1344805.38453
1333961.14057
1304252.10022
1289482.47413
1338362.00032
1334005.03553
1297536.9778
1323355.81727
1322748.22055
1303265.26982
1346093.01281
1332908.14235
1319123.4094
1315439.69323
1320015.79513
1303760.02688
1333728.92308
1333083.13167
1314414.21562
1320015.87346
1331130.46606
1326886.83401
1333083.13087
1268109.87504
1333975.73081
1318091.94508
1295047.10499
1302837.30377
1319611.92332
1299296.82304
1314920.31551
1298191.97599
1318097.24996
1333961.15364
1318101.34452
1344805.38367
1346107.39946
1316782.71127
1293762.16657
1328417.09133
1318922.42567
1296416.43484
1280463.83125
1311108.58317
1262515.42984
1333239.41521
1346112.53183
1318091.96938
1331252.32542
1336274.58987
1315376.6749
1311141.34161
1262456.44174
1301672.8558
1346112.53375
1318309.46773
1254860.54473
1308073.80985
1314414.21551
1293346.95026
1338695.49433
1322747.75604
1318717.29962
1319612.27726
1303760.11014
1297850.17562
1332318.16046
1332231.20692
1336274.5953
1319611.92332
1332908.31893
1303155.30858
1336223.57122
1296213.28962
1297548.32402
1314420.66484
1322542.89655
1281618.48081
1344632.8605
1262515.43283
1328417.13652
1314420.66481
1328265.70999
1308074.56738
1299303.09536
1336605.87256
1317772.5863
1338696.28491
1345469.98285
1337044.60956
1333734.50556
1344805.38452
1321566.59288
1336605.87255
1328275.16775
1333975.73081
1333351.10617
1338696.28615
1333975.7122
1301238.68274
1328409.42757
1332908.17424
1313986.74748
1336237.7835
1315379.60535
1315376.67465
1303752.54366
1323368.15728
1293355.21584
1293355.21585
