9
9
9
11
11
11
12
12
13
14
15
15
16
16
16
16
16
17
17
17
18
18
20
20
21
21
21
22
23
23
24
24
24
24
25
25
25
25
25
26
26
26
26
27
27
27
28
28
29
29
30
30
30
30
30
31
31
31
32
33
34
34
36
37
37
38
38
38
39
41
41
42
45
46
47
47
47
53
53
57
59
60
62
64
12
71
13
73
15
10
20
16
19
17
88
24
21
27
89
15
19
11
17
18
11
16
15
24
22
97
20
99
22
28
31
20
24
30
21
37
16
28
25
29
17
104
27
40
107
21
25
21
22
17
110
45
36
47
23
42
32
33
12
21
120
122
54
39
35
29
39
129
17
16
33
48
69
32
38
24
8
37
56
13
9
15
154
34
14
26
21
17
20
44
28
21
101
9
96
24
99
18
171
122
39
12
101
17
22
23
22
24
31
29
22
55
108
25
53
110
32
41
31
22
21
112
24
28
93
35
42
27
29
37
120
137
46
23
27
22
34
11
28
22
50
36
57
135
9
25
136
20
18
136
120
14
40
149
46
159
14
81
27
14
20
52
90
65
98
43
9
14
16
10
118
17
27
26
41
15
69
39
141
14
25
16
121
25
9
39
92
31
21
38
25
40
20
48
47
32
30
32
44
52
27
32
40
27
117
18
22
47
18
24
32
43
29
30
126
27
13
39
29
12
26
26
34
122
41
55
79
26
70
155
23
54
21
65
14
106
55
19
107
41
10
24
90
14
25
44
151
15
50
38
