1420213.25702
1379111.98496
1393685.76082
1415461.77405
1415465.00266
1385786.23708
1403785.7908
1414315.07235
1385112.97335
1393677.7918
1395764.84179
1384740.66734
1412295.55292
1416685.414
1415667.06384
1400057.67366
1374730.78294
1385112.35178
1419864.10081
1400344.5553
1390967.8569
1382053.77361
1371470.07337
1410705.42406
1405844.83464
1395616.23704
1379288.77195
1419863.90969
1434115.2303
1431235.04337
1416652.96311
1419757.43255
1420831.68358
1431235.04249
1384739.2277
1383304.13857
1405845.27773
1396126.20993
1416652.96436
1392477.81758
1402783.8955
1377811.10065
1431235.04072
1400344.56377
1398216.06118
1415201.57276
1379325.37852
1415667.09869
1415353.85368
1402233.20397
1422602.38884
1392216.07423
1385372.87732
1407427.91259
1408573.03866
1401430.25557
1420213.26304
1420213.26168
1400056.46679
1420831.59818
1385217.08999
1414290.04229
1385116.00403
1385788.13337
1379230.6254
1384384.05682
1422603.20019
1392289.62792
1402783.90859
1393685.75938
1415667.13633
1431235.03386
1389068.77135
1395616.39161
1385115.47083
1430410.5053
1402783.8216
1419864.10107
1401528.27678
1412629.55911
1419758.02746
1401430.26813
1402784.61694
1400057.35834
1420904.42264
1419936.9348
1402783.87909
1383623.45786
1419757.50695
1416666.27269
1419855.03577
1416800.50824
1409972.64679
1414791.49474
1390967.9918
1401430.28477
1385788.13338
1400057.7075
1409893.5084
1415465.00266
1392288.96888
1385788.04948
1431235.03578
1408573.04358
1390967.66028
1419757.4682
1420213.25898
1405844.85674
1379230.6254
1397337.13334
1392286.87612
1422461.9947
1419755.85016
1434115.22767
1395287.55086
1400056.55048
1413987.79697
1416800.16502
1401528.41087
1420213.25692
1390967.74297
1429562.8992
1415353.85352
1408573.02054
1411976.53719
1405846.88707
1407890.7347
1405844.51331
1381827.66667
1410705.42449
1418378.32876
1392477.81735
1422691.036
1412629.4605
1415353.85656
1415235.32256
1395902.16738
1378218.94934
1416652.96299
1379230.62764
1392477.81741
1420903.91127
1422327.90948
1430410.59363
1400057.46448
1390968.00586
1379325.37867
1401430.28066
1382053.77361
1420190.10143
1434114.93951
1387909.65568
1422462.0429
1415353.85368
1415697.75404
1383624.19086
1415353.85368
1392216.13331
1390968.00134
1429562.89964
1405844.98265
1415235.25138
1390192.22783
1374730.78171
1403303.28666
1415272.48106
1382053.77361
1415272.3587
1393665.16688
1420213.25898
1412297.85402
1381847.97467
1419757.27778
1389672.35486
1384823.76503
1410574.19523
1405814.51075
1402783.96416
1416907.32954
1420207.93878
1394110.33808
1387691.61454
1414321.51268
1379325.37852
1405845.65749
1419756.352
1400470.30944
1400467.95358
1379325.3786
1379837.06722
1402784.69426
1403702.40243
1405844.73776
1403785.98836
1420198.22112
1401430.27425
1412629.5347
