1086976.20319
1097179.06001
1084343.64333
1086943.62372
1080281.5233
1102932.19062
1105054.84256
1101148.04451
1081762.00269
1081884.43127
1098292.10872
1078501.51331
1100768.14747
1098675.19078
1104606.6131
1089645.36159
1096942.40565
1091551.62978
1105097.95187
1093770.38659
1080623.7721
1104328.28397
1076052.0379
1103330.1306
1104613.54676
1100851.42568
1104814.50269
1104900.14275
1088212.99749
1087370.46565
1056939.69719
1103653.93198
1093929.32968
1088513.01258
1105213.7469
1059965.37883
1077163.36642
1055246.06986
1083534.78971
1076953.94724
1104408.46359
1072920.87395
1090483.82058
1077163.36642
1078271.53614
1105064.92751
1062162.19015
1083114.38341
1089349.16027
1083159.68878
1105098.83077
1074556.51997
1091618.44787
1088434.82292
1076438.53188
1093202.32458
1103520.24204
1090978.11459
1105525.8565
1089284.88728
1077692.79917
1100047.14587
1100204.48811
1076086.00389
1105064.92751
1067550.59859
1104609.08164
1094039.73681
1096290.76766
1105097.95187
1081593.60162
1088624.81335
1102932.19062
1088434.82292
1087745.02126
1090518.05221
1088584.44538
1083013.7567
1102847.75991
1081776.22575
1067855.71825
1097199.92419
1087447.61992
1079139.26904
1082258.8534
1082841.46469
1096347.68849
1067152.65412
1082508.71549
1088308.11259
1091139.09659
1090001.57744
1087176.91589
1088434.82292
1095760.53287
1083533.83333
1103516.15564
1081884.43127
1095246.07957
1073278.19114
