1513586.11863
1517787.97989
1503614.10512
1513460.67689
1509255.08295
1518153.28169
1509671.37352
1502627.4095
1511449.08232
1504148.91238
1517824.80252
1523915.45298
1504581.24919
1515712.92494
1506936.71755
1512542.0432
1517754.6137
1516306.97313
1524311.50938
1508190.52428
1518137.41616
1508014.37428
1500547.17791
1514985.72348
1514456.99165
1522076.73824
1516235.45163
1509582.93262
1503929.03849
1520208.0233
1508396.68562
1503735.19572
1519148.99491
1516340.85241
1508608.03898
1513328.80971
1515135.07674
1514581.33557
1515436.57045
1519167.25893
1524358.24114
1508416.96629
1517242.70988
1509547.56224
1508743.0713
1509463.73047
1514356.91717
1510975.02744
1522894.98279
1517832.14986
1519170.1733
1509895.2007
1524274.49629
1504651.57661
1507097.4156
1522896.96438
1518098.87776
1523350.65972
1522886.92811
1513937.45746
1508690.26383
1510628.96031
1515307.42769
1523422.93351
1518288.74873
1522732.60901
1508956.72306
1508858.24816
1510974.76399
1509868.22968
1517382.39519
1519397.36499
1517377.43285
1509349.94192
1523324.85995
1523995.82856
1523599.08057
1503440.12775
1516894.78052
1522571.25256
1509337.75162
1523982.47949
1523585.77091
1516818.08826
1523329.89803
1517066.56776
1523296.07654
1507008.68401
1520455.59376
1520414.21683
1517937.21253
1508585.12987
1517735.14892
1519023.46515
1516318.97596
1509326.49636
1519001.16454
1507164.2884
1509587.46498
1503050.45138
1511275.27413
1511470.89491
1503733.25988
1517273.23946
1517980.76632
1511758.34434
1514704.91431
1508693.05587
1515418.53244
1514009.13788
1519641.03013
1509667.09817
1508900.34396
1523705.94769
1521357.17655
1522954.18285
1519176.94492
1505035.56685
1523273.67781
1509126.5463
1517470.89071
1509795.55267
1520651.3881
1508451.86052
1515644.28138
1503252.13659
1523739.81175
1508500.51476
1519811.14791
1506459.47568
1508067.38544
1508630.05561
1515041.11657
1508274.17911
1512820.19449
1505442.10463
1507476.18088
1517455.6214
1520100.30994
1502957.69476
1518051.37353
1518231.22499
1513106.92154
1522524.8468
1519427.57661
1507440.85202
1505724.52452
1514109.64946
1515435.48513
1523479.23452
1513252.85319
1504550.37228
1507727.7039
1507540.14231
1518187.72166
1523068.73814
1523290.36425
1520140.87558
1509668.65682
1506120.85535
1505719.99425
1508995.43411
1517584.62162
1523840.92615
1507763.91483
1516986.96986
1510456.99678
1523236.06607
1523513.12627
1515286.7093
1523459.30736
1523389.82954
1510229.53411
1519307.04623
1522232.74264
1513338.64392
1519793.6685
1508895.9216
1520683.18093
1509058.79653
1517429.55786
1523665.92272
1516917.91949
1512836.98596
1517849.43473
1503809.83905
1519030.01606
1517388.33945
1523307.99906
1508690.82798
1523959.07136
1522497.67585
1522493.71773
1514486.88433
1524343.44972
1516801.20215
1511067.66837
1515232.6541
1509899.60217
1517683.98933
1513726.47454
1519517.17029
1508520.24613
1511103.33688
1509712.68646
1515004.86555
1513928.27923
1514952.52984
1509496.18822
1519348.00643
1517680.40282
1511359.25264
1503327.66954
1522161.00379
1517150.12405
1514336.69914
1510900.62249
1513486.80976
1514236.6347
1509588.41943
1517311.48014
1519455.85649
1515574.44589
1510046.02967
1503414.05069
1503749.56744
1505694.24628
1514136.55198
1506857.25364
1523079.6304
1523500.46378
1515945.87246
1509994.44528
1522940.20447
1522817.71775
1519830.02481
1509900.4074
1521441.37553
1524017.78669
1502315.98749
1509251.52009
1514433.21904
1516687.2058
1501999.54598
1498184.43509
1520016.10872
1516013.97112
1498892.54079
1519631.42789
1517416.06545
1523922.09429
1516818.71468
1516575.709
1513634.67771
1502210.86149
1507725.87348
1522417.70422
1523957.08632
1514850.99204
1516916.82629
1523560.80132
1515954.45242
1524068.05747
1524353.70633
1524283.10105
1515587.42653
1510041.72083
1511311.59403
1517034.04027
1522970.03078
1509911.26516
1508689.33841
1513315.63543
1517951.69259
1499320.50547
1509879.34933
1514349.37873
1509092.18575
1503373.98555
1510063.27108
1523634.17326
1514950.83433
1516176.22887
