13
14
15
15
15
16
17
17
17
17
20
21
23
23
24
24
24
24
24
25
26
26
27
27
27
27
27
27
27
28
28
28
28
29
29
29
30
31
32
33
33
33
35
35
36
38
38
39
39
41
41
41
44
44
46
46
49
50
50
50
51
53
53
53
54
55
55
55
57
58
61
62
63
64
65
65
65
70
71
73
73
74
74
75
79
80
84
84
18
89
12
18
20
27
26
98
23
32
35
23
11
27
28
21
29
37
48
47
31
39
36
26
19
120
43
38
37
33
56
44
28
44
47
24
52
52
56
28
28
28
50
56
39
56
30
60
25
52
139
28
27
41
65
54
37
26
24
22
19
62
57
22
9
153
30
31
91
70
18
63
34
27
102
20
32
37
20
70
59
80
100
43
63
31
15
27
35
37
186
84
39
70
18
22
22
22
21
44
31
54
52
41
14
40
42
23
31
42
52
23
30
25
28
25
42
27
38
121
42
40
25
27
148
22
24
84
12
32
134
50
27
12
69
121
155
27
29
31
53
21
55
46
71
83
36
63
45
74
69
39
96
95
195
40
26
18
20
30
209
51
35
56
24
18
73
96
15
38
91
26
58
21
84
51
58
33
50
13
30
95
26
100
41
22
25
31
59
311
11
54
93
142
21
