1488933.7258878048
1491221.089274421
1479244.930681548
1493359.0957919187
1489270.5742208487
1493353.6402684043
1494147.088328799
1490928.2521700622
1492019.9315746955
1493846.7461516052
1493481.042883461
1494891.810209481
1493443.504940763
1495860.8435680363
1494149.8782637387
1492368.6274055704
1495185.3605866823
1495720.8335777293
1493838.3585354069
1495487.4379096697
1497094.510607192
1492780.740262337
1494459.9880622418
1496548.575199087
1488878.0002610008
1495946.4616738628
1494394.9768779736
1492480.5701696812
1496053.1572329297
1494266.7407867569
1494730.684100154
1495104.6754760037
1491667.2608650592
1495627.226559621
1494022.9581801551
1493923.509587771
1496163.9697089724
1491224.8413895306
1491461.9586551567
1496095.5878441967
1494857.5899315374
1492995.0575639645
1494769.3821076162
1496111.2538133264
1491004.2356047595
1494438.3887567013
1493372.5725494134
1495283.696241095
1493309.9140528284
1496191.1133414577
1494500.310606278
1494584.2442339663
1495125.1012377692
1490952.7616803423
1495090.363815226
1492583.9873391502
1493138.510235926
1497126.4117099189
1495097.616476345
1491461.9812601847
1493450.6427089944
1495751.0542677862
1490784.0033672214
1491381.7880200858
1493506.5476360973
1494746.186710019
1490703.914754184
1496007.9049377309
1492153.3706945821
1491653.0528101826
1491239.930819626
1492731.3976352825
1494118.6273205404
1495795.6864530824
1491170.0897867675
1495724.4217311
1491872.6318939386
1492450.195756997
1493958.015827481
1488282.4769789528
1488026.3736647947
1497711.1393903312
1494076.804350872
1496512.5146954278
1492035.1913296937
1494195.2430236756
1490686.523428751
1492440.7466289708
1490995.0588619125
1495646.21135002
1493532.3015202996
1489996.5510849329
1493160.036310364
1491488.6177347978
1493612.8859138095
1491876.4760548975
1492612.5806717263
1493959.2955539823
1492833.7509379447
1496502.8467583074
1495921.761231866
1496009.1198391165
1495901.6328392283
1491155.6023529086
1491473.4388711734
1493249.4233703616
1496685.1572933171
1492027.9502488389
1496836.239864639
1493909.5451323672
1493322.2586576953
1492951.5959815348
1495738.338589485
1493972.4477023894
1494169.0643140608
1493859.698613025
1492767.9417632788
1488685.452803941
1494853.4817393485
1494398.3801906607
1488710.2459497163
1493433.881362875
1495521.2812260038
1491768.4751505808
1495936.4108263857
1496539.531536559
1491872.1962548287
1493624.4064302372
1492205.830753303
1497776.3276994652
