1555647.80715
1556425.02461
1548237.83466
1558690.64716
1554386.90192
1557963.62653
1558220.55066
1555520.98595
1556776.05508
1558643.05135
1559019.5189
1560074.88684
1559449.38228
1560767.78168
1558842.62883
1557991.1075
1559664.14802
1559945.74947
1559438.24437
1560166.76271
1561992.89748
1557604.80051
1560883.7654
1561331.77389
1554431.22103
1560390.28648
1559290.56189
1558239.50568
1560587.11612
1559473.62057
1559139.98925
1560514.53905
1556571.16214
1560845.41421
1558641.50059
1559364.88018
1560128.78399
1556707.76056
1557495.70199
1560734.48325
1558844.47402
1558051.82
1560323.51313
1560700.77945
1556982.18008
1560492.33913
1559098.33434
1559516.8476
1558630.13118
1560927.97868
1559715.80231
1560093.17362
1560484.84302
1556694.30073
1557645.10062
1558097.26858
1558771.59874
1561984.97286
1559345.43569
1557210.60524
1559178.43036
1560478.47331
1555788.93765
1557255.95303
1559083.84205
1560687.86446
1556295.8406
1561263.47227
1557461.9406
1557249.85916
1556722.11559
1560276.64453
1558239.62186
1559757.70255
1557082.27487
1561160.92938
1556993.36526
1557483.32221
1558628.26043
1554800.69438
1553408.40088
1560817.28902
1558712.33196
1561945.54948
1557582.55065
1559077.61374
1554786.27339
1557659.19286
1555647.80853
1560622.88101
1559249.42346
1555046.19514
1559115.33498
1556223.92993
1558987.05106
1557716.21329
1558761.32889
1558759.80673
1558317.51001
1561080.33629
1561339.47351
1560888.04499
1561495.02669
1556810.29015
1557408.77959
1558882.3101
1561619.25374
1557799.6916
1561799.27678
1560310.52812
1559522.9057
1557339.98687
1560291.70202
1558974.50733
1559126.85292
1559538.53719
1557252.79928
1554151.84598
1559781.24371
1559596.5796
1554792.31252
1558408.27218
1560574.11682
1558462.47059
1560540.45752
1561941.3234
1558055.84202
1559080.59223
1557612.07652
1563048.66176
