867679.634022
847533.061084
841555.115656
836831.700775
849298.689423
848048.733616
867821.224994
819556.197112
867821.224994
861712.173245
864143.982193
860433.640129
873169.69392
842514.936034
865204.305652
860433.640129
867337.506028
847840.532484
853033.52603
841168.486521
872346.10526
866837.469206
847533.061084
818168.125486
853313.948991
861712.173245
837183.217069
839877.176796
867337.506028
837363.531651
847533.061084
866371.036336
845173.917555
858923.961078
837163.858328
839500.332344
810346.2353
861712.173237
873169.69392
834851.07832
871600.62105
863933.50349
868582.853835
866371.036395
843952.994681
862306.467814
837645.565843
845923.808067
867836.951015
847840.532484
854580.767039
841433.448853
849512.23684
855904.608157
872346.10526
841171.761066
821730.310023
847840.532474
844103.714349
841612.695632
831260.284746
872966.569675
859215.243389
852598.357223
865690.106069
856948.290632
850516.791435
862523.156774
842244.267559
839089.687045
845173.917555
873169.69392
860444.820557
861712.173245
847259.739579
854718.303353
841433.448853
839089.687045
837163.858327
847691.204673
867145.516153
866640.357443
872346.10526
867679.634022
843952.994681
846268.210996
837183.217069
867145.516154
860433.640129
858923.961097
864320.209757
853579.845015
851891.711762
847048.381402
866640.357443
841159.675205
849692.114651
848971.625829
868582.853835
852598.357246
866837.469206
854837.401976
832785.69457
837183.217069
841906.634181
861043.903296
851891.711762
841906.634181
866640.357443
866837.469206
872346.10526
843952.994681
850516.791435
844068.258167
837925.288769
861671.651333
839089.687045
850516.791435
865971.50652
870299.549867
867836.951015
850473.527107
830453.734712
847321.734012
853579.845015
868582.853835
861712.173245
873169.69392
852026.134629
855904.608157
872346.10526
844368.349892
857667.027403
847247.852276
810176.164933
847259.739745
866371.036369
853033.52603
862306.467813
839452.800629
837762.495576
873169.69392
844103.714349
861671.651334
870738.940698
850238.603009
861712.173245
873169.69392
836831.700777
868728.13438
867836.951014
866837.469206
847533.061084
864143.982193
847533.061084
854837.401976
865204.305694
841612.695632
837163.858327
866837.469206
854580.76704
836720.448884
860040.458685
871600.62105
844368.349896
847533.061084
866640.357443
866640.357443
853033.52603
867337.506029
844762.351958
864856.24023
847234.468456
807252.67212
851584.433525
866640.357443
849669.150757
849909.583164
866837.469206
861712.173245
864143.982191
848971.625829
854580.76704
864017.319466
866371.036366
862797.037099
856882.680893
841612.695632
846268.210996
854622.542179
864978.611249
847259.739743
848971.625829
830851.355842
854165.875176
850516.791509
873169.69392
841814.942797
839452.800629
814671.558671
867406.610335
830406.664242
863933.50349
847840.532481
831123.736968
850244.028743
859086.795935
861712.173245
847259.739736
847259.739744
843952.994681
839263.298227
872346.10526
836831.700775
847840.532484
847004.059356
838763.332101
847610.21509
872944.328166
847840.532484
838580.273149
863933.50349
866371.036369
853579.845015
837363.531651
864856.24023
839263.298227
837163.858327
856095.693989
866640.357444
863875.843814
865704.592394
844531.046112
866640.357443
839089.687045
847259.739739
865204.305694
848300.806044
853033.526048
864136.845912
819556.197096
848823.473037
846377.050568
837394.871675
847038.830557
844368.349895
845923.808067
864136.845914
866837.469206
863739.663451
846900.53466
859001.232063
860040.458685
873169.69392
822878.656073
871600.62105
847840.532484
863739.663451
867679.634022
864856.240251
866837.469206
815306.904444
859215.243389
844068.258167
864856.240232
847148.948194
864766.007542
861671.651334
850516.791435
866640.357444
844469.978984
837677.471437
846130.740953
837363.531651
865704.592394
864017.319466
866640.357443
867821.224994
847259.739745
871600.62105
837183.217069
872346.10526
847234.467758
864902.317026
837394.871674
863933.50349
837163.858327
857741.804923
867679.634022
872811.881599
864017.319466
849692.114651
839877.1768
864856.24023
849298.689423
847259.739743
850516.791435
866837.469206
847533.061084
854165.875176
850734.175788
838651.480676
867337.506029
819556.197112
842131.620271
852726.472229
856527.609215
861712.173245
843731.511218
855904.608157
826780.062314
861525.045016
837465.286401
870738.885674
847533.061084
865704.592394
837183.217069
867821.224949
848300.806044
867337.506028
819556.197112
832941.58759
865690.106069
867557.979276
867557.979276
849160.97929
868406.126847
836831.700775
847259.739745
854097.814527
844469.978984
867679.634022
865971.50652
852598.357246
865971.50652
839089.687045
849692.114651
861525.045025
862306.467814
834851.078339
846745.917484
847533.061084
861712.173245
836831.700775
864136.845912
867337.506028
871600.62105
843635.653156
873074.720953
847533.061084
866837.469206
867679.634022
867337.506029
850244.028747
863933.50349
837000.551849
835323.281108
865971.50652
842143.868
823487.163915
859086.795917
847840.532484
857667.027402
867836.951015
873169.69392
852026.134629
819556.197111
839089.687045
834851.07833
834851.078339
864143.982193
868772.719548
864766.007542
836918.155772
851891.711762
844068.258167
847533.061081
857458.44481
847331.66822
870299.549867
867145.516154
849160.979289
865101.859852
866371.036369
863933.50349
866039.293238
843635.653156
873169.69392
847730.691447
863739.663451
839089.687045
866640.357443
858923.961097
860433.640129
872346.105258
852944.446941
870299.549866
