41
29
35
40
39
80
32
20
35
43
18
24
45
53
27
26
57
36
34
110
34
41
39
22
26
61
20
27
21
38
30
18
32
27
16
283
132
37
18
37
18
44
33
51
68
14
74
16
26
30
31
34
22
57
21
33
49
29
43
42
33
31
31
29
38
16
22
44
47
25
29
33
17
46
22
28
27
23
36
23
32
57
34
46
44
44
19
37
29
22
44
28
53
49
78
32
18
44
38
29
37
47
18
26
23
40
30
30
58
37
50
94
43
14
41
33
29
27
19
12
23
18
26
44
97
28
54
23
38
25
17
39
21
32
39
25
31
37
27
35
53
47
28
53
102
55
53
48
32
34
34
28
32
29
35
52
26
22
17
39
32
22
42
63
32
31
46
53
39
29
22
22
24
43
30
55
43
34
20
41
21
40
29
24
34
33
21
35
36
41
32
32
30
21
30
23
47
32
39
30
15
31
43
26
63
36
21
47
17
36
50
32
42
142
30
60
53
12
35
28
29
54
18
29
20
27
43
61
19
47
53
27
23
61
29
34
29
44
27
21
18
31
26
20
45
21
41
59
35
26
112
21
40
45
31
31
21
19
37
60
36
23
31
29
28
29
135
51
31
49
25
45
38
23
27
26
44
157
45
57
40
16
23
65
22
35
24
45
22
38
26
31
17
28
33
34
27
39
69
23
61
49
26
24
23
20
63
63
17
40
13
25
37
95
32
31
31
18
32
49
27
40
64
36
41
39
28
35
15
20
41
35
21
73
34
24
26
23
37
24
19
26
53
43
46
20
20
51
58
37
45
23
26
36
28
26
29
29
45
72
32
32
22
36
39
43
22
23
17
79
19
28
38
354
101
29
66
53
32
63
26
28
31
69
42
69
20
42
37
29
39
20
34
30
34
40
46
