1438066.6154642846
1435336.7820191982
1423519.6843713422
1439719.9463182664
1439467.4428366749
1435164.1164964407
1428087.2979984735
1440338.4504968703
1439317.4930025453
1446241.479769181
1427831.1280170938
1420318.4593037774
1429458.6892251535
1446658.1250180271
1434257.4368542696
1415456.7692177612
1427833.8589781588
1433231.0166527862
1440651.4889983807
1446304.9558507656
1433738.341595135
1438532.7037940691
1427239.7682677524
1437391.7602395555
1440298.4386645393
1447893.613673995
1428740.749678513
1426381.209808996
1425443.2296103882
1435363.8711371366
1441164.4404963139
1423224.8897132818
1437083.5885232682
1446181.2576879554
1426315.4016530914
1444167.5528071849
1439023.636327138
1433760.428307435
1427050.5458858742
1437379.5923802862
1428850.5955524114
1422896.1331823724
1433038.9651571605
1427722.1632800284
1425149.936253211
1426524.3527882393
1442734.1719184902
1426238.1599405427
1446658.7596192176
1440056.5900812983
1439122.3149856543
1434456.7955735112
1439240.5916877086
1446638.7410461316
1429606.3098321268
1430012.8108413015
1440380.6542825145
1447662.353458021
1428844.315904211
1428854.8803509225
1447584.782959934
1418599.1347112968
1428762.6442171715
1428669.4084375096
1434075.5760688006
1428704.0244820134
1446416.4933812418
1424823.659293259
1435136.2274077304
1437748.3817377228
1425495.2035762037
1439649.5843651947
1446638.9301546575
1446396.2338018133
1427700.5024469972
1437319.1809118392
1437395.5720922572
1447282.7857265465
1429994.2661099853
1447706.5533239369
1437707.4935464407
1439248.5313245638
1440181.2531381475
1442384.7706630623
1436829.9208254055
1428739.1532623034
1426515.6202681065
1426835.9624076693
1439182.5043871228
1437417.4350360134
1436998.7939748657
1447939.702717834
1441086.817794954
1426333.7425112417
1431985.6822413974
1440186.6087686464
1423488.9664835988
1435109.112196242
1437383.6909209217
1429848.5200671998
1435884.2695753223
1434409.3335476632
1439152.6946682082
1434856.7129420976
1440952.325355818
1446144.2776234485
1426409.9047727268
1447725.662063764
1447468.6763026991
1428704.5920488057
1440726.035505261
1438958.9616470702
1426625.8138918714
1437318.2440552474
1423480.7608405293
1445805.9632132677
1417766.1258731366
1429192.545460369
1439003.784692442
1443016.8363139979
1425493.3051011376
1436089.6069732662
1437807.263609016
1428670.4657056457
1435137.997202877
1447940.8880463727
1446569.6655012073
1437290.2510621648
1441734.8110408515
1425136.308595417
1431330.1836339089
1442384.3200267828
1435284.3122363747
1439493.1181775236
1436112.1448990772
1424911.9295055869
1429246.7813616209
1426538.8637368393
1428761.22683127
1440288.034330594
1447282.2962897725
1434915.7434097864
1446865.4513984967
1426149.2380145013
1445886.343297216
1432295.870091512
1425196.404715374
1437290.2309934376
1428678.6965195534
1445828.4357483226
1437484.854010071
1433758.377168376
1447282.1196989154
1425662.7569643308
1423551.907499748
1447055.2395629727
1426737.935941749
1428208.3621581178
1446640.044614877
1433038.7478642506
1418122.955898482
1445788.5992466197
1446649.063980858
1448211.6825713024
1446147.9847285778
1424587.36599626
1419644.5279561712
1429032.6235754138
1433759.5329877152
1431985.7104246074
1445234.7413814666
1431776.5542774703
1419943.9731439154
1431927.083831776
1446572.1330382593
1439323.0838757597
1434206.1758976246
1447904.1725480356
1441811.3599783846
1428670.1300268283
1439897.905794222
1443264.0842967688
1439159.4308758166
1442592.642897306
1439491.7530879618
1436977.4638571306
1439822.9837913697
1421026.5072057822
1439286.0225391875
1429026.969439579
1429876.9401384206
1427412.5521020573
1437246.5682411368
1441615.3186900984
1428704.5325912663
1446658.9306226822
1442734.2696341772
1426738.0008960182
1440977.2720364742
1446571.631897763
1435141.3771609005
1447219.3003948315
1445745.461323892
1428703.9796963662
1440963.3506078308
1435670.4738141156
1447189.7241396238
1434020.3318238077
1432675.7439695175
1429198.0119917537
1440290.2102408193
1444071.0516015259
1429792.8506214123
1439197.155361252
1425877.2158901969
1415620.3037014245
