1466661.4433
1463981.15529
1450878.16839
1467962.58337
1467011.66878
1463398.28019
1456705.74908
1467906.07169
1465840.07714
1473250.29254
1452977.61945
1445488.12844
1455608.09314
1474278.17659
1460900.13866
1440669.08816
1453098.35476
1460082.57934
1467594.89118
1475289.49887
1461836.78869
1466072.9096
1453061.07941
1465401.12886
1468572.38092
1475519.11985
1456840.84223
1455458.93404
1451419.06717
1463959.40921
1470102.00102
1448834.49332
1465257.13305
1472803.50863
1455078.60699
1471618.07484
1466124.69177
1462198.65925
1453770.41226
1465321.68377
1454689.46921
1449296.42194
1461487.42876
1452448.94624
1452698.09547
1453033.25394
1470006.4861
1453216.71347
1474272.03928
1466487.07811
1465895.59279
1463458.41944
1467112.11491
1474164.45528
1455406.55633
1455976.3341
1467473.46788
1474462.55684
1454837.20108
1454588.97816
1474649.8653
1443518.32984
1454899.08177
1454346.03227
1462211.48742
1454462.80562
1474080.93814
1451013.41293
1463578.01703
1465198.7877
1452829.46423
1466396.5453
1473716.35448
1473138.60199
1454072.35022
1465374.72064
1465113.73062
1474275.92124
1456060.95286
1475450.11816
1464577.68681
1466870.30579
1468241.36664
1468969.98508
1465328.51163
1453711.82589
1452611.84951
1453371.87125
1469273.56441
1465395.16491
1465218.26266
1475491.96177
1467825.33147
1454742.89909
1460430.33384
1467046.75177
1448971.09702
1463911.27637
1465317.70006
1455475.40676
1464549.02454
1463411.37898
1467147.64449
1463734.74095
1467720.32306
1473500.38111
1451319.48929
1474554.82208
1474401.3192
1454468.51389
1468062.90969
1468800.79754
1453152.90692
1465392.27676
1448845.0337
1474459.86906
1443671.54726
1455324.29615
1466811.56077
1470437.08561
1452789.79589
1463908.38258
1465362.04523
1456972.20322
1463576.57759
1475497.39885
1473753.21952
1465040.77489
1469119.03801
1451653.45399
1459887.0728
1468974.93048
1463495.68448
1466307.6263
1463824.77253
1449670.10796
1456866.86646
1452645.62596
1454488.37881
1468246.82523
1474272.73858
1463752.13001
1474324.50231
1453854.43263
1474027.28748
1461900.71829
1452497.42729
1465579.86608
1453858.66311
1473057.55769
1465420.75042
1462188.44603
1474260.67925
1452360.04861
1451073.85559
1473736.70414
1454566.46767
1453497.49539
1474045.19925
1461475.56221
1444342.36663
1473656.41512
1474061.54417
1475240.24182
1473197.95053
1453444.77766
1448719.8363
1455505.34893
1462202.63228
1460427.7357
1473004.02634
1461098.94551
1448817.961
1461797.28569
1473740.03431
1467059.8826
1462178.25484
1475466.23629
1468944.37607
1454371.53879
1467653.41976
1472599.67388
1467266.07325
1469844.21819
1466324.8065
1464971.82096
1468479.88469
1445388.08262
1466942.43856
1455535.04579
1458477.49563
1454193.88524
1465009.02665
1469484.61299
1454467.71375
1474281.37334
1470013.78325
1454569.12632
1467634.82678
1473743.78612
1463584.74167
1474359.71557
1474701.85296
1454462.52733
1468153.44534
1464751.45586
1474082.37057
1462834.07733
1460996.84658
1456711.44787
1467821.29946
1471501.68055
1455452.57295
1466989.59126
1453904.29097
1440663.71514
