14
18
18
19
20
21
23
23
27
29
26
30
35
35
36
37
38
39
39
40
40
41
44
45
46
46
48
49
50
51
51
52
53
55
55
55
58
58
58
58
62
62
62
63
64
65
65
68
68
69
69
68
70
70
72
73
73
77
77
77
77
80
81
82
86
88
88
93
93
93
95
102
106
109
109
108
109
110
49
115
115
30
46
74
30
124
55
49
27
43
31
32
33
58
40
56
140
143
30
36
33
29
41
42
56
153
64
45
52
86
55
39
46
91
162
26
162
96
60
65
45
52
61
104
31
47
37
66
64
58
89
74
37
50
66
57
46
99
99
71
78
38
73
80
77
39
75
22
49
137
23
54
38
59
52
55
125
49
61
52
105
75
229
37
112
150
22
44
41
96
47
44
45
151
42
44
98
64
83
48
24
28
55
115
53
267
40
55
59
158
32
58
54
280
61
94
51
79
70
32
83
122
48
79
73
35
94
35
63
84
26
57
48
44
50
39
