100
160
177
202
71
227
283
288
334
352
355
431
454
475
523
529
527
532
532
540
548
581
578
618
627
634
621
648
662
658
676
671
195
694
668
733
503
437
520
779
809
607
556
473
874
843
909
914
535
956
982
664
989
172
1026
463
338
1060
319
82
94
421
653
408
482
585
1294
621
593
164
483
219
637
625
390
389
602
442
802
784
1476
426
995
138
1005
1033
1626
563
166
98
139
148
152
97
238
246
309
327
121
428
424
430
434
441
444
454
483
498
515
515
521
522
534
561
572
592
575
126
630
638
657
661
666
681
680
661
714
136
98
748
