1306462.7604490498
1308639.5215851518
1314357.6740331308
1311342.2652301914
1310477.7090845506
1312767.680965439
1313512.7822856072
1309152.0555853548
1306839.43798134
1311015.5263496346
1313183.6476027952
1310780.8154184406
1309467.2203011024
1307669.1477634413
1312286.9357615644
1308466.0500766775
1310786.4939798051
1312090.8782453616
1306846.8840864748
1311733.224165289
1307579.7590876943
1308411.3661821003
1310961.5936231434
1312759.6457378294
1311541.685143805
1311496.3803562159
1308519.5734721895
1308386.0401697687
1306888.7032620164
1310290.0749622907
1311214.545909675
1309312.0149203122
1313326.4033123676
1310848.886747154
1310594.7098906513
1313992.2042539162
1315760.8580728457
1311994.4488202021
1304821.2715047845
1313527.5848900902
1311375.5809360556
1310730.3268704668
1309105.4188083594
1311236.5858802903
1308114.2513458675
1310131.7879891752
1310907.134848875
1308546.3319790356
1315321.3252042287
1311450.5239052828
1308047.1575360366
1309887.6847110277
1308189.7965670754
1304797.2173501845
1310644.2667516007
1308392.0296526994
1310031.9582679437
1310365.1350357006
1308001.9711920987
1311764.0661605306
1309348.3173031372
1308571.3562850936
1306307.745797318
1311569.0967505474
1311456.3299982443
1310457.223204364
1310362.073665202
1313338.7276357212
1313547.7382258072
1308858.9361987163
1315143.5681194828
1304584.6278717648
1310035.1729414808
1309862.109580519
1311559.5379116242
1311272.622903031
1307587.0767082404
1313354.7578003425
1314877.8838792238
1308224.045382443
1311263.9798730214
1308119.04452495
1314939.6219975625
1309357.4809847192
1312109.9924670206
1310106.011782041
1310940.3482022483
1305456.3311277963
1309600.3771408224
1309193.2107461933
1304541.3845379523
1310196.3788617556
1311209.2738116186
1311045.3603522724
1311062.8777646401
1305251.1248347326
1310515.6951419122
1305874.7758794457
1308256.762613731
1307524.6519854297
1305046.7397025335
1310514.8119223453
1307444.106950746
1305756.1029050588
1311665.7594487113
1313721.9017834018
1307783.4581667332
1307393.48556757
1306037.2281461137
1305756.293238215
1310763.6299220563
1306187.6197278483
1309657.5726145208
1308144.8559632762
1310095.946624736
1307096.6749530267
1308770.0205778491
1309810.906893728
1309644.2336418873
1306325.6353345325
1311477.480749265
1311751.076078273
1306937.7018426491
1314196.8155992378
1310173.1463531535
1310167.2694221616
1308390.8430605063
1311991.3492701366
1311515.31711441
1308439.0783631809
1309649.9547070926
1311752.3229144951
1311263.9454264464
1309331.42119749
1307415.0449840142
1307901.1638226951
1312947.4174305685
1311502.894532733
1311141.2316533101
1309808.791171581
1310980.213356609
1309165.265459976
1310253.2623155466
1309353.917576423
1310146.1790760686
1310843.1265004466
1311003.124633059
1312655.6269111682
1307006.5289704292
1310336.6252705087
1312425.3041855893
1310995.0419865127
1306488.5371089329
1314277.0711365058
1310490.1903226725
1311284.8002697832
1309882.6269019712
1309949.7298615954
1308612.183458652
1310902.3460673539
1312943.567284815
1308507.9916607887
1312210.0213048644
1310556.812018571
1313762.0461591005
1312170.9801012315
1310711.619814418
1311163.9060505242
1312450.9267538954
1310190.150252585
1309959.225607119
1312359.928739059
1314113.832472376
1313662.0671005782
1312171.2935958025
1308584.3845110778
1310317.1571378966
1308306.1187137216
1309247.418243402
1310249.3218595225
1305813.612017626
1306988.212563197
1307148.1319822178
1308506.5735494925
1310470.9937380813
1307430.9092591796
1310803.1578410228
1311348.86822976
1304909.8873811634
1313234.4235544985
1308668.1923143496
1313845.2698071508
1309624.4214748186
1310941.1054732334
1309036.1638075393
1307962.4071286113
1307939.4394014322
1313046.6635639349
1310535.8645315806
1308002.7231745403
1309048.8197840746
1310392.6500103376
1308793.64930106
1307804.9507734037
1309833.607816027
1306992.143575706
1309095.0904247873
1310117.6116319573
1307195.7091516128
1311554.1913584475
1310219.5313749006
1310690.2099265147
1309710.6556891073
1311913.2906823403
1307700.2503578532
1310570.4073914108
1307407.3821741373
1308837.9392623056
1308936.2592358044
1307868.1662374383
1309661.6236840372
1312627.172637676
1309169.8957976825
1304918.7900120795
1313424.8520505084
1310646.3903611363
1309466.715427912
1308811.3144734073
1307234.4292891738
1308303.0635483547
1311274.0627612327
1305886.0752605358
1309674.83711576
1309412.781609927
1310272.9722675302
1308549.5745740167
1311373.4010066069
1311615.3193776642
1308499.2295482473
1311062.7722257422
1311930.7861324607
1310400.5240810325
1304132.073603237
1311198.1737920437
1310949.385126382
1310682.833209343
1312984.0036911552
1308920.4473448442
1312173.368565354
1306470.6740329228
1310666.2725951623
1309970.595332857
1313787.0009773439
1312603.587116455
1309749.0482785297
1309946.5373021124
1309640.0786886401
1311071.3148009945
1313201.7567571225
1310950.0635814976
1307097.7791476813
1301578.5832859275
1309890.8463422644
1311866.1149025867
1310048.609650759
1310431.3215978618
1313058.873327878
1305324.3643303663
1306540.6368259299
1311679.0868526006
1312390.4834748204
1309015.3230483248
1308258.720073048
1309308.6242094783
1304925.285023831
1305002.3996953533
1310829.1757024815
1310163.9423475156
1310243.478811712
1306955.39513223
1312641.9130968163
1312798.813971843
1311160.1890276347
1309849.6791768216
1307613.3792560648
1308884.4070147562
1311262.4324477692
1308772.292915078
1310006.4100487274
1311777.8036778732
1306547.9639412935
1311455.5102324698
1313790.1781515365
1311396.3381141946
1310970.8058274211
1306242.6124720662
1310386.2349958227
1307568.0481473943
1310263.737513201
1312519.9152157472
1307755.0536924247
1307574.4723723065
1315481.2053272843
1306125.4297467968
1310875.5518746537
1306900.366976498
1310089.0641808892
1307626.2216073223
1306315.528244381
1305901.854797599
1312772.3967629243
1308538.5548290862
1309421.7591761008
1308472.0331236687
1308773.0425672142
1310718.12018964
1312042.2839258406
1307291.1740647652
1308823.1970812185
1311624.1677675436
1311077.2297525886
1305873.4518140545
1309298.7191141322
1309775.6964941586
1313101.56574817
1306086.752277088
1312404.5011532274
1312474.8809775368
1305953.5203665048
1313371.9029553344
1307700.0939457503
1310033.4061947032
1311339.5786589074
1308632.9777235833
1313840.8154743966
1311093.9898768915
1310710.2935427171
1307655.4514087406
1310499.5318137787
1311611.6427731628
1308613.685511496
1313461.0548664364
1313406.3529195823
