1346480.70467
1349976.27334
1354872.9171
1351590.10408
1352286.22199
1352978.92279
1354161.7423
1348925.30441
1347393.62852
1352445.22217
1354120.24982
1350786.11272
1349566.45783
1348435.92162
1352353.46213
1349663.11076
1350099.62766
1352354.39972
1346364.11041
1351516.60592
1347077.29946
1349063.64252
1352169.13293
1353383.1487
1350947.58403
1352080.24802
1349121.87938
1348937.58415
1348017.93117
1349908.60787
1352337.85633
1349678.0316
1353955.12944
1350977.65373
1351664.05664
1353584.52348
1355432.7627
1352077.32916
1345622.63307
1352340.47239
1351259.23136
1351219.08056
1349374.35094
1351286.19167
1348564.96829
1350276.751
1350591.63998
1348730.70906
1355844.71075
1351558.22127
1349068.60787
1349495.72399
1347763.02624
1344675.80582
1351800.47287
1348409.24842
1349924.02263
1350800.7399
1348656.35168
1353448.90656
1350100.63801
1348872.73997
1347457.2888
1351816.11905
1351074.45418
1350210.63566
1350907.50369
1353759.24438
1353776.80666
1349215.1922
1355208.19267
1344275.64583
1349769.22566
1350408.00889
1351700.34261
1352042.18361
1347901.49593
1352824.94996
1354285.38301
1349108.64728
1352419.94294
1348597.32372
1355220.91404
1348285.94239
1352047.92006
1350330.78475
1351125.32312
1346076.28206
1350580.86142
1349639.79046
1344583.07723
1350085.56487
1350783.93491
1351405.10988
1350412.84864
1345777.00149
1350383.30597
1346048.71004
1348704.17484
1347689.06273
1343952.99961
1351045.5157
1346913.54292
1345524.57692
1351501.24649
1353859.47749
1347516.27829
1347544.11843
1346158.03809
1345969.15364
1350488.39029
1346902.28155
1349966.49922
1347500.71112
1349503.09028
1346762.90998
1348174.2947
1349898.58412
1350983.63391
1346859.20218
1351740.11489
1352439.71699
1347194.36379
1354443.57603
1349447.42831
1350572.51266
1348490.34743
1351548.69019
1349279.48036
1348435.22048
1349528.76746
1351857.54255
1351349.44779
1348846.16468
1347872.573
1348048.97095
1352544.38022
1351461.50889
1351314.78113
1348650.03219
1349872.9922
1348329.1392
1350960.52404
1350109.70295
1351148.03307
1351007.01483
1350675.39584
1353795.04514
1347436.80188
1351134.58803
1351667.52439
1349997.50298
1346016.81653
1354389.80776
1349764.06111
1349955.61353
1350542.74761
1349327.94134
1348827.70882
1351966.61121
1353941.35333
1348697.88511
1352409.32558
1349347.21709
1353676.60631
1351681.56125
1350981.47498
1352173.18696
1352695.09511
1349842.24378
1349605.21538
1351373.78723
1354554.25039
1353284.06628
1352119.87692
1348645.57491
1350353.73643
1348794.3736
1349147.43372
1350922.03491
1346074.38056
1346794.025
1347630.64803
1348538.12966
1349244.80565
1348403.27055
1351203.02197
1351671.0411
1345237.02451
1353724.90696
1348123.16989
1354551.46196
1349125.00723
1351713.50344
1349206.81631
1348667.44932
1348795.65289
1353166.82317
1350988.0894
1350306.65346
1349219.83451
1350499.34378
1348872.79399
1347524.20548
1349809.00164
1346699.80803
1348599.03142
1350151.1764
1347009.41837
1350871.40568
1351316.715
1350894.92001
1349750.49737
1353361.24457
1348569.16168
1349704.34336
1347203.15004
1349303.13391
1348801.18582
1347698.94431
1350102.59918
1351599.06954
1349276.73866
1344681.11492
1352836.38305
1351110.11498
1348959.24025
1349774.22184
1347102.73623
1348303.20766
1352042.0779
1346024.52737
1349974.11813
1348543.84743
1351198.68017
1349449.68832
1351161.62608
1351865.73758
1349243.90319
1351198.59326
1351568.14073
1350382.20433
1344039.55252
1351791.50135
1350957.11431
1350355.96068
1353501.05425
1349185.58156
1353458.37763
1346707.37143
1351380.05459
1350426.29651
1352630.75828
1353406.05915
1350804.72181
1349882.04705
1350784.25092
1350728.57385
1353845.7522
1350548.75278
1346754.17302
1340766.12163
1350566.02508
1352518.75706
1350729.26038
1350969.39514
1353791.05123
1346040.00555
1347041.64175
1352188.62276
1352853.50625
1349571.58296
1349122.64037
1349712.50873
1343732.09139
1345125.77772
1351545.27458
1349888.27715
1350108.25108
1347346.45215
1352525.37601
1352462.96952
1350851.72472
1348477.71619
1347635.48456
1348588.2206
1351251.64129
1349024.3536
1349772.75221
1351906.75052
1345646.74855
1350788.04733
1354654.60882
1351796.72618
1349960.53747
1347566.40286
1350796.08358
1349968.41263
1350011.77289
1351805.48786
1348734.11233
1348066.21094
1354512.96975
1345793.31762
1350948.57414
1347383.63662
1349526.76699
1348531.02374
1346761.57115
1346359.93046
1352938.34459
1347796.25102
1350442.32636
1348297.68897
1348740.58444
1351069.77458
1352433.94091
1347039.04895
1349363.22889
1351998.79283
1351143.00552
1347179.9289
1348659.14989
1350765.36201
1353215.49734
1346767.93596
1352879.74619
1351652.55603
1345338.49253
1353746.90671
1347101.31964
1349364.68717
1351034.12326
1347400.87502
1353134.16499
1351410.40384
1351741.7883
1348334.13595
1350914.46085
1352850.00271
1348783.38339
1354262.92429
1354348.47317
