1433152.0133785699
1457312.3387948677
1420710.453256691
1420652.6224728946
1458847.1001493514
1451301.6766495958
1423244.2219077495
1435135.265671975
1443455.053022247
1454866.3763408097
1436677.4550781138
1434367.6752352915
1428321.5338673473
1433997.20217151
1448650.8603823823
1438906.1191533213
1458847.1001384396
1436459.975852071
1453088.3003403433
1457613.8197126265
1458847.0997826387
1451360.9120957872
1422766.3273967826
1449654.6788483553
1410791.5305732607
1433987.1723795978
1417619.9093756594
1441473.2282588645
1437281.314978217
1430303.9890785557
1453087.8831493605
1422250.1417720625
1431548.1547783932
1451361.9287617807
1451284.478590409
1448651.2733189885
1448654.0996016753
1419258.3813533962
1424689.3843999617
1454865.426389201
1434771.6145925964
1451301.6587427964
1434904.1535264677
1418835.0992579209
1455727.1930479303
1434771.6011432768
1421259.6442983004
1419258.3812450655
1443454.8250544919
1437492.628432205
1462698.4688608998
1422766.3272096578
1419258.3812962046
1429145.654965399
1451351.741471383
1443454.2649740963
1422057.0137308235
1429158.170573557
1449422.1903894613
1425566.41820298
1425566.4181938476
1428082.9403140743
1433987.1723904447
1417006.9630234346
1426722.364176514
1410028.1570853156
1429145.6549608593
1408357.1222873528
1424709.7888727468
1461430.8726237197
1449657.1085374453
1418835.0990289256
1449422.1812851236
1455709.9257015004
1422145.539456382
1449734.3756069397
1449422.1891681845
1448267.929617417
1423427.097060722
1448579.4992985493
1449422.1899475816
1438061.7355454045
1462698.332849307
1462697.4373005682
1429454.7575536894
1425164.351447112
1422089.6875249033
1429158.170573652
1461430.872776013
1435135.4002090932
1459114.3257579878
1422766.3271931687
1448654.0583171363
1434904.8057656398
1453088.3005441483
1418265.5239697949
1435207.0133007956
1421259.5937078674
1425477.2933163878
1433987.1723904833
1426722.364179158
1449899.1534448154
1417892.5627486696
1429454.7575510486
1422145.5379796668
1422145.54190598
1434904.676319488
1439528.0496727023
1461430.8728240773
1453088.298807655
1434904.8044415726
1456502.157565291
1418768.422910273
1410028.1570866453
1422145.1241761663
1457601.053075235
1434771.5325569047
1443455.10509133
1434435.4634723368
1429541.278038617
1422315.8127110922
1426068.0650564972
1435135.264935284
1434771.6144504782
1429541.2780385679
1430303.9891077157
1409592.3760456224
1462698.4692689825
1451199.6283587655
1418837.3040995284
1450713.7807526784
1458847.0991194074
1422315.8155888368
1434916.3341846077
1443454.9177177649
1425386.9553245367
1435743.5515394001
1462698.0096594545
1434916.3406701495
1443455.1019274779
1436677.4550781788
1430591.7160009325
1451301.6766562716
1459114.3258502458
1418835.050710014
1457965.8054942712
1461430.8728402653
1430303.9882321025
1425566.4182029408
1455727.193043531
1428321.533871122
1429495.402519531
1419258.3813096546
1448294.3040235427
1430591.716000915
1435739.0466814204
1462698.4111870783
1435467.356092859
1433660.8607424265
1435739.045141302
1430303.9839807646
1443455.1050915408
1448651.263345405
1458847.0992357912
1430591.7160007025
1429407.4117292229
1433663.2247285065
1434901.1852716603
1417499.9351051045
1462697.9547662477
1435207.0132874702
1427784.234911465
1441514.9786201366
1422089.6941322645
1450058.2295442997
1447568.100914752
1443454.9180638404
1430250.0070137873
1418835.0990685069
1451360.8952830986
1439155.7436854718
1433987.1723857762
1434670.3688824242
1462698.4588334055
1450235.8611762307
1421555.673217181
1403564.819559103
1406782.866701983
1436677.4550852182
1437281.314977237
1427831.257162726
1451361.904158903
1462698.469289606
1457613.819759776
1448021.9864111473
1430591.7160008575
1422761.193476551
1437717.5684922072
1447568.1038948528
1403564.8249876332
1426264.8790290859
1454951.3163803231
1428082.9403217302
1450244.4391036446
1454866.3800629806
1449895.264704692
1458847.0998686464
1422315.8148186274
1458847.0995120027
1422145.537267708
1462696.472397849
1430242.9153716539
1451351.741472903
1462698.1927958878
1434904.8057502403
1421094.5112158093
1454866.3928662648
1434962.9840036365
1427831.258893084
1424689.3856181926
1431755.1452480333
1436677.4550854142
1449422.1886899828
1427831.2588930726
1418252.6444606897
1448361.5397675394
1426739.971162971
1424808.5390913046
1423919.661051554
1437260.0083063482
1433405.88734072
1437714.8577118677
1439529.220477684
1425374.8204025102
1417007.4477336917
1422766.3272112038
1436724.8910496407
1417471.5376307084
1457613.8196408849
1429454.7575530426
1403564.7810324538
1428333.103936409
1424531.6747436835
1451361.9294410134
1418580.28834387
1453088.1361195536
1462698.4009724904
1405213.7276787548
1457862.2395777998
1443118.708253018
1430250.0070139016
1430591.7160010436
1438906.1169642066
1453044.2406730994
1433404.7842221512
1448654.0928651618
1444062.4747272667
1434152.2575964374
1417744.0570846337
1438061.7361327726
1430248.240750664
1439155.744697904
1455727.1930480748
1430248.2407522905
1446456.0387868593
1456577.789241736
1441532.1349214949
1453044.2155987287
1428421.242884572
1439155.734225838
1421259.6491841036
1451301.6766438251
1427784.3476369116
1426634.6465159028
1441405.8289761702
1449899.148102365
1449422.1901644187
1425444.831810791
1422761.1935051063
1430303.9886255774
1433439.0962713594
1422416.3509426839
1451301.686521399
1433987.1723903792
1449937.130298824
1422766.327210159
1441117.795632378
1442769.4707000295
1448467.8887237217
1422145.541725592
1427850.6457632834
1439529.2200585846
1435466.5491825223
1449422.1860983665
1443455.1050146504
1421662.8779355285
1461430.8727980321
1417687.1237438165
1431324.8553532446
