1499631.94987
1520340.88412
1491271.54299
1491058.39721
1522937.89254
1525014.29534
1490418.86583
1502617.99185
1510822.85874
1517409.2787
1497018.26217
1509005.91822
1485585.24632
1501501.60212
1519885.07503
1505727.64678
1522937.86564
1502810.84779
1524216.17661
1523314.35979
1522937.89971
1514853.95417
1478417.12678
1519400.70184
1473627.34312
1490861.76124
1474841.48798
1513159.17564
1508894.55222
1488974.62534
1524215.79993
1477508.82627
1492913.94177
1514770.7234
1524996.3923
1519885.34461
1519889.6208
1472141.11985
1492467.70748
1517406.49123
1502101.98685
1525014.2736
1502323.65544
1483653.45573
1519340.28644
1502102.00082
1476056.50414
1472141.11477
1510823.83501
1505653.07394
1525220.61699
1478417.20894
1489305.35575
1472141.12385
1514929.89913
1510822.06851
1478463.01383
1485560.21971
1512786.98545
1486028.55204
1486028.55198
1487115.18352
1490861.76365
1476086.79065
1484660.46811
1464699.7977
1489305.3558
1460831.2526
1492261.15634
1522153.04343
1519426.68631
1483653.4675
1512787.87696
1519604.60399
1487531.60088
1519696.0676
1512787.05917
1513192.53639
1476520.25825
1520236.32201
1512786.74967
1507091.19762
1525220.40394
1525219.57366
1486445.36269
1485540.04343
1486615.88477
1485560.21977
1522153.04257
1502617.86598
1527258.98838
1478417.06221
1519889.61799
1502324.27898
1524216.17679
1475411.95578
1501642.92582
1476057.01384
1487755.47885
1490861.76392
1484660.46885
1521342.07403
1481821.59862
1486445.36852
1487531.59919
1487531.60369
1502324.21023
1498339.50412
1522153.05361
1524216.17462
1502324.44254
1519172.76068
1483638.58026
1464699.78593
1487531.12513
1523302.05482
1502102.11781
1510822.91654
1501023.05147
1485906.82754
1479179.45044
1494876.38447
1502617.71446
1502101.86498
1485906.82716
1488974.62559
1461440.572
1525220.61731
1521293.7545
1474619.84431
1511414.03505
1522937.92675
1479179.45003
1491896.28554
1510822.72595
1493655.75318
1495717.24701
1525220.17644
1491896.29899
1510822.91275
1497018.27499
1501805.67291
1525014.29535
1527258.77454
1483653.45401
1517635.5557
1522153.08868
1488974.62183
1486028.55204
1519340.30953
1485585.24536
1487980.96238
1472141.12062
1519891.81266
1501805.67291
1503907.83305
1525220.56117
1503852.43339
1501177.36411
1503907.8314
1488974.66519
1510822.91654
1519885.28104
1522937.746
1501805.67291
1485692.3551
1501079.94809
1502320.05473
1477085.54792
1525219.95637
1501642.92112
1485861.30943
1512165.66103
1486615.89242
1513706.2249
1514756.77774
1510822.70848
1494037.43885
1483653.45573
1514853.93642
1496008.07309
1490861.76118
1491140.50388
1525220.60731
1519578.44708
1476859.21102
1457956.00055
1480441.12498
1497018.26357
1508894.55221
1485504.7782
1514770.68809
1525220.61731
1523314.35988
1519508.41975
1501805.67291
1480767.62352
1490398.19036
1514756.88102
1457959.83534
1484215.52938
1518494.94361
1487115.20357
1519574.60264
1517406.49584
1521356.51514
1522937.79699
1479179.43091
1522937.76672
1487531.59838
1525218.08795
1493951.58572
1514929.90168
1525220.35214
1502324.18001
1489167.57116
1517407.94577
1491868.18754
1485504.7795
1492467.76606
1488002.25351
1497018.26431
1512787.0857
1485504.7795
1486147.0918
1519947.70872
1494099.65087
1495509.94253
1480026.57817
1504347.64178
1494846.55274
1508189.06387
1498419.80433
1493671.75465
1476174.52556
1478417.14079
1504195.74572
1479194.99363
1523314.35967
1486445.36211
1457972.20742
1486337.63217
1486146.103
1514770.71791
1475538.6044
1524216.01779
1525220.55222
1454597.53551
1528848.32765
1513691.6867
1494037.43882
1501805.67291
1505727.62418
1524451.81361
1494841.75016
1519889.71218
1513484.87773
1492004.82709
1482722.22527
1507091.19822
1493885.81585
1496002.98766
1519340.28538
1493885.8341
1517215.42747
1517370.45709
1513329.04457
1524451.67701
1485394.0843
1496019.71163
1476058.04597
1525014.29536
1485861.43282
1484766.33801
1511533.78307
1521342.08349
1512787.00354
1494618.52233
1480767.6254
1488974.62856
1492891.07858
1486974.7778
1525014.30345
1490861.76655
1520964.56298
1478417.12549
1499832.26451
1511263.49496
1510762.37145
1487531.60348
1485519.74454
1498421.88551
1503851.59191
1512787.25857
1510822.91674
1472597.79058
1522153.05398
1481481.14867
1490889.65804
