1036709.91414
1085907.22906
1056111.95736
1056878.75327
1087004.99052
1080604.70441
1087684.36248
1063517.58359
1061383.14566
1070476.69592
1084132.19992
1035492.9983
1072240.15296
1065871.65912
1082385.58983
1064580.19262
1015401.6597
1061714.86951
1076088.44084
1063063.7563
1056484.79983
1077446.12191
1030644.37792
1087684.36248
1044771.19276
1062243.00207
1063678.7879
1076501.75528
1076142.24863
1063174.65391
1047010.93172
1073367.80719
1043976.77648
1084132.19992
1063174.65391
1072590.12915
1077446.12191
1087684.36248
1076655.76327
1052084.75947
1078661.20428
1073367.80709
1072590.12915
1066556.1197
1064378.07265
1072411.14753
1073367.80718
1058448.88004
1050010.51109
1052264.84197
1036709.91414
1043976.77522
1053552.91783
1051603.27732
1072590.12915
1078661.20428
1084132.19992
1043033.62754
1089947.64585
1046993.03835
1070027.55876
1077492.69168
1075571.33069
1076602.52772
1070027.55876
1051715.98946
1087684.36248
1050356.19037
1030557.46903
1070349.44613
1061574.2081
1072240.15296
1062319.1243
1082385.58983
1061508.05444
1073280.06564
1089269.81694
1072314.92564
1071523.54453
1076602.52772
1081450.33801
1071560.23818
1076655.76327
1081356.67052
1073280.06564
1067457.43875
1077492.69168
1056196.67785
1076142.24864
1055332.95377
1085006.2531
1081941.82071
1067146.493
1078390.82096
1071849.56393
1050530.29638
1072411.14753
1044771.19276
1056082.50898
1059777.66199
1081577.09467
1077446.12191
1048819.351
1070230.68949
1067426.15197
1076602.52772
1066956.34149
1061551.59132
1073367.80719
1043970.2628
1070120.87061
1064346.92894
1061491.94549
1074299.91585
1056395.77701
1080815.38305
1084574.77862
1076142.24864
1076031.78524
1061551.59383
1080815.38305
1061714.86951
1082385.58983
1066556.11971
1052431.17517
1071108.99892
1071594.89701
1061714.86951
1060139.57353
1071985.70731
1082678.80247
1055294.50438
1078661.20428
1078661.20428
1076602.52772
1080144.29561
1043976.77522
1078904.00559
1089947.64585
1075152.28018
1066956.34149
1085907.22906
1051107.83039
1080063.16894
1051266.06368
1061231.09249
1071108.99892
1082385.58983
1066995.06759
1077446.12191
1066556.1197
1076602.52772
1084725.91812
1063517.58359
1056878.75327
1087004.99052
1062243.00207
1080815.38304
1036906.62927
1061487.95888
1043276.55317
1061487.95888
1076501.75528
1087004.99052
1089269.81694
1061551.59421
1084132.19992
1030557.46903
1076602.52772
1056054.48642
1066556.11971
1081429.0985
1076602.52772
1076602.52772
1072240.15296
1020170.29786
1083127.78766
1084132.19992
1061714.86951
1077582.09892
1077636.91316
1077492.69168
1059221.78775
1057358.12358
1062692.35421
1064316.93914
1078661.20428
1085006.2531
1089947.64585
1087004.99052
1083127.7877
1080815.38305
1060936.43392
1081577.09467
1056395.77701
1076142.24864
1073280.06564
1086771.07472
1083127.78769
1078369.39951
1076602.52772
1043264.21937
1075571.33069
1085484.95291
1057358.12358
1052264.84197
1081563.37698
1087004.99052
1046948.1587
1072870.16667
1073280.06564
1046972.65349
1063678.7879
1081356.67052
1082385.58983
1062631.542
1044539.15368
1053467.57989
1061714.86951
1070855.96587
1068646.10715
1063579.52394
1081429.0985
1084132.19992
1085006.2531
1056395.77701
1060828.81038
1082385.58983
1059221.78775
1039560.55788
1073280.06564
1056878.75327
1051266.06369
1085907.22906
1071594.89709
1063301.59482
1081356.67052
1073987.37617
1060358.56886
1082101.15475
1089947.64585
1064346.92894
1063301.59482
1072825.62457
1061383.14566
1056878.75327
1051895.69728
1072050.06654
1062631.542
1035195.89665
1053552.91783
1032534.87724
1089947.64585
1081584.4336
1036709.91414
1078904.00559
1064580.19262
1063633.22579
1054124.75854
1063063.7563
1082385.58983
1076602.52772
1057219.06849
1076501.75528
1078958.62826
1072411.14753
1073280.06564
1035460.54717
1079862.73025
1080590.54525
1081577.09466
1087004.99052
1072841.82791
1062836.65896
1049378.48611
1085907.22906
1068936.07429
1078958.62826
1085006.2531
1068646.10715
1066506.73994
1051259.96316
1077492.69168
1080144.29561
1080144.29561
1051603.59765
1077492.69168
1087004.99052
1065871.65915
1074991.49479
1087004.99052
1070230.68949
1056878.75327
1065015.30301
1076602.52772
1084825.60521
1072411.14753
1037234.34089
1085484.95291
1067766.19059
1089269.81694
1061231.09249
1069496.12283
1084825.60521
1077492.69168
1080063.16894
1061383.14566
1072590.12915
1089947.64585
1072411.14753
1070759.39792
1085006.2531
1061776.99489
1081429.0985
1077446.12191
1071985.70731
1064346.92894
1075450.60988
1083127.7877
1084193.40316
1066556.11971
1063678.7879
1056204.47176
1080815.38305
1073280.06564
1087684.36248
1064378.07263
1072590.12915
1036906.62927
1073280.06564
1034903.60477
1089269.81694
1057344.0704
1071699.8411
1059221.78775
1059810.1425
1082385.58983
1086771.07472
1080082.09112
1049597.76625
1046972.65349
1081574.21896
1084825.60521
1072314.92564
1055975.93122
1062948.70035
1069083.33704
1061491.94579
1075309.30824
1082385.58983
1063063.7563
1035711.83366
1070749.05769
1061821.25066
1072411.14753
1063715.04584
1063174.65391
1073367.80719
1076655.76327
1053427.96385
1063403.89098
1078904.00559
1063174.65391
1082385.58983
1075309.30824
1061487.95888
1072240.15296
1087684.36248
1073280.06564
1089947.64585
1076730.19746
1080269.5728
1067146.493
1077136.7559
1078661.20428
1072825.62457
1061718.9106
1079862.73025
1072825.62457
1063066.29988
1056395.77701
1087004.99052
981316.875654
1081577.09466
1070120.87061
1085686.4553
1077446.12191
1072411.14753
1077446.12191
1084132.19992
1076602.52772
1060315.49122
1071594.89709
1071985.7073
1061551.59081
1086581.22101
1076602.52772
1080815.38305
1053462.17967
