41
37
48
16
18
31
27
39
66
27
23
142
18
35
50
33
56
19
61
25
34
28
39
52
16
32
40
41
27
32
40
34
38
41
14
29
25
40
12
21
41
30
22
31
19
26
28
33
42
46
23
41
22
39
27
38
21
37
32
23
59
28
42
106
26
32
12
32
40
31
159
24
35
28
246
17
24
35
44
56
24
58
16
23
24
26
39
57
20
47
59
29
32
16
99
55
27
48
25
38
37
37
47
29
60
25
18
153
23
67
18
39
123
30
119
33
35
51
36
102
27
27
47
44
51
23
41
21
169
29
46
46
43
40
49
26
73
21
53
34
45
38
44
26
25
60
34
33
51
23
39
30
30
35
35
47
27
48
57
42
39
47
50
62
31
119
30
30
54
38
31
18
69
34
36
28
18
48
47
45
40
20
31
200
16
50
55
52
37
19
21
75
30
32
82
33
29
38
36
36
27
39
51
34
106
36
20
71
32
30
42
26
17
17
46
58
43
22
17
25
16
42
17
40
26
74
43
27
32
19
17
16
28
43
42
34
17
24
28
31
23
37
33
25
32
13
24
29
38
33
23
23
19
39
32
36
31
50
37
17
47
29
121
54
39
28
21
21
32
37
51
31
16
19
38
31
32
46
31
21
58
48
26
25
23
53
24
21
21
43
25
32
15
38
39
37
32
28
39
47
40
46
47
37
21
41
27
36
53
37
44
53
253
16
28
46
19
26
41
46
28
45
22
24
32
21
15
26
98
21
31
47
50
49
31
36
38
33
28
42
39
25
66
27
26
31
31
238
41
56
14
31
37
40
42
26
19
20
40
50
31
36
28
20
36
40
26
30
24
16
78
17
35
35
56
44
29
31
59
20
608
31
27
36
46
46
22
58
35
26
65
28
47
18
155
38
24
33
43
