1511253.02143
1507691.08885
1514857.76963
1515512.55921
1517425.41177
1518055.24164
1511029.84956
1514796.43133
1509234.27566
1514054.75768
1512004.14646
1513794.00675
1508369.81563
1509595.73568
1508849.53132
1512258.84404
1519111.13289
1513895.12264
1517870.42765
1517541.95123
1514280.816
1512412.29023
1514996.09042
1508538.12398
1514291.23636
1516418.60519
1510282.12522
1515098.73344
1517763.7695
1515035.96954
1516252.05466
1510854.40188
1507570.27437
1511615.61097
1508524.1589
1515964.99501
1511025.91931
1509673.52932
1512708.27903
1506625.07916
1509241.33648
1509392.38248
1511511.9635
1507812.48437
1517773.20902
1509232.84358
1518248.59087
1516009.30184
1517238.41891
1512521.67561
1511865.66294
1515663.33332
1514193.0437
1511178.48846
1512555.20039
1511626.11756
1515959.04401
1510830.81589
1514392.85863
1511548.6678
1515450.70243
1507838.06002
1513835.94469
1515323.48815
1512942.44327
1507575.5595
1512477.70887
1510814.04325
1513430.0265
1513171.64287
1517560.24389
1511859.17964
1518158.81998
1517501.46108
1510617.05481
1512551.74527
1511905.00419
1511663.66318
1512576.6111
1517766.71037
1517522.08561
1508272.78251
1519337.74429
1512558.32226
1511501.82827
1510831.4403
1511456.89496
1510001.16461
1510019.52642
1510991.20183
1516254.47193
1514935.21288
1511622.93353
1512591.02959
1518120.7372
1512182.4797
1513357.25086
1511727.85875
1511472.0622
1517817.41069
1512545.58706
1515505.69625
1509493.35965
1512903.8326
1507738.5464
1517618.73791
1511963.93159
1511912.01253
1517127.58539
1510743.76626
1514516.97341
1513630.28158
1510991.7713
1513657.69891
1512357.627
1512620.70381
1516060.89204
1513945.72203
1512400.87459
1514630.91937
1517406.87295
1512403.37156
1515928.01916
1511237.17297
1512955.21497
1515637.46785
1517555.83727
1512012.92066
1515761.091
1513501.44476
1517035.0538
1512052.25247
1511509.13873
1508470.47877
1511877.51518
1512679.24758
1512034.98085
1518783.6109
1516235.65566
1508270.52609
1516202.73424
1515741.33502
1516227.44981
1517321.04054
1516094.50989
1508502.24984
1508259.00873
1512735.94871
1513099.5973
1509751.78333
1509029.46069
1515317.62764
1517089.56632
1511411.93338
1517467.68925
1516904.83171
1506313.86566
1515253.37294
1511094.26279
1514524.75117
1516056.04853
1510604.65887
1510403.75615
1510502.32759
1513300.95938
1512980.09966
1514077.11168
1517378.06258
1516779.61536
1512414.78896
1515450.79554
1514392.5376
1512643.97572
1511620.11134
1518283.6031
1508062.67019
1514905.09254
1506752.75462
1513568.09771
1507039.27486
1518683.41901
1506747.84111
1510529.34932
1512318.34727
1507333.22667
1514676.97046
1510434.46292
1510501.47725
1517869.44484
1515031.43647
1513179.56348
1509218.26223
1511188.74934
1513771.14075
1516737.5496
1509295.55869
1514200.24279
1513902.73826
1514504.57775
1512244.23251
1511938.69798
1506737.85447
1516223.66009
1515594.31068
1507972.1382
1516057.03543
1518467.5899
1512120.79253
1514544.70731
1510511.23269
1511691.98132
1511708.47393
1513059.8247
1516943.54045
1517309.27133
1515703.35167
1517856.64405
1512276.68804
1512519.01625
1512065.56352
1512427.40793
1513831.58696
1512586.50392
1508406.20966
1511985.07234
1516624.12357
1515856.12467
1509177.75297
1512241.97464
1510876.36786
1517404.49301
1517305.26794
1514321.1525
1511689.21532
1510160.11823
1510935.0339
1512205.20191
1510425.10773
1509519.93568
1517732.3507
1512931.59134
1515502.99665
1508278.62971
1508304.13755
1510802.24739
1514851.29543
1510823.27009
1517833.42191
1513656.86742
1511117.41421
1516834.16109
1513089.83243
1509644.11774
1513513.17713
1506698.03667
1516563.43937
1516813.44791
1514025.77199
1518357.25413
1515761.71124
1515293.59703
1514401.37921
1517449.80454
1516744.16714
1508350.80241
1511006.11869
1509692.82076
1513945.22296
1513566.94272
1506921.99241
1509765.81032
1519370.14863
1517852.5348
1518249.29324
1516521.1276
1517118.49973
1513875.02681
1510413.51986
1515868.08106
1513098.25199
1510985.1716
1516692.35572
1512249.67522
1512749.86673
1507176.29565
1513643.53069
1513649.64593
1516627.12062
1516005.93232
1515790.12736
1513944.38214
1511607.48203
1510494.52809
1518777.39062
1508518.12174
1513411.60629
1514244.64216
1509206.47937
1510622.22356
1513067.50706
1506963.87207
1518913.69777
1516073.52153
1514279.80267
1517477.81977
1513066.39795
1515261.52917
1515759.66566
1517080.75299
1512652.23538
1510841.20046
1515839.16534
1513454.73419
1518609.44545
1513790.226
1516159.55261
1516232.13931
1512130.86048
1515489.25779
1513089.08942
1519198.95701
1514524.8196
1517890.50165
1517017.33687
1514139.55359
1516344.80685
1518639.2974
1512805.04361
1518657.01949
1518536.26318
1510660.88761
1516082.22665
1518338.07143
1514466.66655
1516243.57817
1510150.3695
1511599.2447
1514923.70528
1516331.9842
1517043.58012
1511313.68773
1512733.06281
1511386.41649
1518682.61217
1513648.90524
1517732.51339
1512860.50525
1510016.8416
1511677.87979
1518607.6491
1516715.16921
1514951.80973
1510709.20747
1505721.54187
1513982.31075
1513733.10141
1516247.16785
1515086.90642
1509555.93015
1516255.41416
1514672.17197
1509046.53026
1511305.82731
1513318.20889
1509075.66693
1512000.30051
1510717.04099
