1493177.7015159833
1498335.9002587784
1482930.6916914827
1494294.5973610294
1489389.6530351536
1497664.9667578642
1487925.0837133364
1482001.6802894087
1493360.0790387646
1485379.42403259
1499361.176513183
1506651.7825755035
1484030.976122997
1495459.9915797259
1486314.7539031904
1491782.0339442529
1498967.2570296163
1497103.374663175
1506630.244769005
1488610.6896037685
1497345.324823592
1488481.0536835839
1480302.7411041136
1495673.9570735833
1494544.31052356
1502060.150157965
1496608.1638352128
1489551.9210886706
1482536.8628349171
1498688.421392781
1486813.192295795
1484060.55841591
1498431.0280997516
1496661.8945148194
1489151.4218043815
1493314.9295159199
1495217.4903332447
1495006.65017125
1495530.890031431
1501485.7554489356
1506833.071098384
1488827.199898604
1497736.491315346
1487982.4767138176
1489360.8158599166
1490921.951117178
1494746.1023492012
1492920.8741533165
1505830.3478960467
1498567.0958349884
1501486.086736023
1491562.1287481198
1506760.7300091733
1484413.0580178173
1486158.916306258
1504997.490263335
1499626.4358632008
1505593.5130699323
1493806.3344102178
1505830.7991805691
1488990.082091265
1492425.1378020027
1495987.4531613474
1506364.5358095649
1500251.64248874
1502623.7418039783
1489509.3490418212
1490976.7236399406
1492920.946872803
1491649.6827389812
1498594.3109702442
1500769.516418427
1499695.5396554025
1490607.6038440336
1505347.3555019682
1507076.2508215704
1506155.4565899994
1483856.6669429361
1498654.0691765104
1506157.8849037774
1490941.3666065158
1506537.6624301977
1506305.4171788604
1498525.915469084
1505360.1437721704
1499487.3063541607
1506142.9543377592
1486734.4391920785
1501850.4914175328
1502439.4636052055
1499366.9388896287
1490403.6663103267
1498540.6790687281
1500139.201032597
1496361.6557050878
1490932.199896328
1500661.5400909795
1486625.6445326544
1491478.0893830506
1484067.6947817705
1490853.0501333221
1490118.680058748
1482568.6343842628
1496166.5004218013
1497353.2432703439
1491967.391316233
1494416.4424560997
1488962.3332998464
1496212.36195768
1495304.746533854
1500102.1838641774
1491287.416917533
1490623.8914300431
1506833.182282739
1503090.9709595947
1505550.9893834884
1499776.3328173002
1484197.0775114722
1505101.861881745
1487483.438435734
1499515.485352328
1491273.5056311456
1501638.6724635093
1487144.543411533
1496145.1190169416
1482679.1506148144
1505912.4993623046
1486161.6196112402
1501469.3535080587
1486845.8610075172
1486756.9310841486
1488717.5848886091
1496181.0026368005
1488797.2176816086
1494060.805268314
1486238.3830747379
1487053.3352604317
1498929.9041905296
1499173.8585800903
1484379.328066809
1499516.0702265678
1500033.7204761978
1493259.0231747222
1504877.0487026311
1500582.3769672066
1486659.209980644
1486170.7491343636
1493160.408218862
1494962.3835224733
1505809.8891006697
1494468.6778272926
1484445.4549686313
1486207.1126049403
1486655.6079822588
1499676.696908386
1505452.882524737
1506143.562773461
1502428.509049578
1490147.9470913706
1486250.9659170555
1486318.9350214817
1489866.1381326003
1499586.9420598622
1504662.3887739142
1488962.703702528
1498609.6837807703
1488774.7027282529
1505773.173049149
1506337.7970410753
1494773.032525936
1506371.7824764745
1505047.8972781627
1491325.517845753
1499672.2505544955
1503311.8101180522
1494053.5198839738
1502403.8803692334
1490106.9078493572
1502860.7025270897
1489353.968359348
1499390.4300066368
1505666.7385763803
1497583.780126706
1493687.9433843475
1498659.5820881487
1485080.5990415008
1498599.0640896298
1497934.5285344135
1506290.4927723694
1488989.7655745903
1507084.4308789745
1506120.7336726238
1503981.489480612
1494075.1758767678
1506974.0698552586
1497979.933728912
1492497.8304225786
1496419.6840660244
1488590.8340847425
1498498.1372227448
1495603.4240629468
1499247.3995643747
1488942.4473405392
1490289.5553074037
1490185.191347437
1493676.262774717
1494128.697707567
1494981.273518938
1491326.884055996
1500753.008723349
1499481.438952238
1491125.052191887
1483778.2755935048
1504291.1484936252
1498710.7344852646
1494751.7643223559
1492294.5556906217
1493023.99105922
1494624.9083865616
1491255.358487576
1498437.476648291
1500576.575168631
1495197.9622728506
1491043.3228298677
1483878.933756729
1483490.8893300688
1487436.247201088
1493862.214191934
1486642.6113026945
1505490.3226025244
1506342.3056526787
1495731.0517095977
1491782.569473688
1504869.8483369078
1505276.882935368
1501711.4534854167
1491692.0985791434
1504469.866862411
1507102.362118805
1481952.6210031016
1488855.2844325681
1494239.8536457943
1498648.6789781787
1482862.159809072
1477635.9642719463
1501687.1170774298
1495471.5021145963
1478718.3348676534
1501564.0619987908
1499382.326067631
1505051.0688091544
1498525.9243569344
1497261.6144294364
1491323.371219192
1483993.4348672759
1489411.5118933883
1500322.6774002728
1505064.3778607782
1495278.7079664788
1498656.6995955822
1506113.152676446
1495108.717160222
1507193.8442543126
1506844.3873729191
1506964.7217501453
1496115.4856513343
1489137.6958688856
1490477.1161646317
1498023.9105262356
1505544.8740218529
1489430.8240319854
1488990.4103441492
1493743.9303654872
1498634.3389664365
1479846.0630832196
1490717.543620994
1493958.4434047884
1491066.4356001175
1483527.696666684
1489148.622457852
1506563.7581200318
1496013.9671904428
1496375.9095621663
