872646.306257
875449.463872
871440.637256
860972.838232
851743.641608
861198.552481
866249.090048
874344.28182
867703.578353
866719.527674
851337.964251
859992.119319
864707.261226
830700.386501
871630.659524
864684.129682
838782.285479
865619.018429
871440.637256
856763.16006
874139.000622
859049.568097
864368.717244
851909.664773
856682.094735
865589.949363
866584.820977
866723.566158
856982.33327
880949.020931
853919.750757
870936.381154
847821.937749
876000.993287
856728.093446
867219.86039
860274.194857
851327.379071
871440.637256
886954.157891
851802.01692
843647.373499
856982.33327
864651.445855
858981.181871
856123.71432
859992.119319
875533.485869
871429.295169
854796.745913
875433.944751
859974.653421
880949.020932
870716.151945
864136.7009
853919.750757
821751.40781
858981.181871
855347.73478
863503.386603
872637.105872
855106.019417
853972.981643
838913.235875
873365.749286
876473.110975
859049.568097
871630.659528
859049.568097
871076.9577
825169.754805
856595.436668
866249.090048
861703.017382
858981.181872
876473.110867
868344.633463
875746.180865
866405.060947
828578.563463
846939.94803
854878.406647
861491.907125
871429.295169
874407.966269
875729.488166
853972.981643
849277.926878
866640.242397
870718.518556
850676.438269
870688.632527
845990.507195
871429.295169
872646.306254
871429.295169
875454.014567
875454.014567
839290.984587
851327.379071
871440.637256
828649.157519
874407.966269
856728.09344
856541.507132
859992.11932
862791.197531
847576.815026
856595.436668
862791.31841
871315.283913
871440.637256
870433.184834
872646.306257
850705.193295
871300.18635
850149.641834
854876.746206
866737.511026
828649.157525
840844.343578
864584.410675
854900.295337
866249.090038
870718.518629
859974.653421
871429.295169
867703.578353
859049.568097
872646.306256
880969.293851
859203.391767
858981.181871
852803.495081
851327.379071
864167.281613
875729.488374
875729.488554
880949.020932
866719.527674
875433.944751
861703.017382
875454.014567
828649.157519
835579.631399
838913.235857
864532.842933
869196.579015
872646.306257
862963.882525
853040.539769
842759.276162
875533.485869
866604.431589
871076.957691
842759.276163
870999.148788
856541.507132
876000.993287
841988.397852
868283.005201
870584.964454
804245.170683
870378.948654
874139.00062
867914.396133
842210.987956
878081.808392
876000.993287
871440.637255
878014.431078
875746.180857
880215.003953
862963.882606
861198.552481
866719.527674
856121.283609
863007.426029
856123.714319
858981.18187
876000.993287
846822.603477
867914.396134
849844.969172
874151.270871
866604.431625
851802.017095
875996.351389
871429.295169
859992.119319
852853.237333
880969.293958
875729.488177
875454.014567
874151.270928
875454.014552
876000.993287
866405.141627
868330.517363
871429.295169
878081.808391
864107.654517
868330.517363
854986.702923
864107.654517
874344.28182
875454.014567
875454.014567
853740.053721
864707.498519
853040.539769
853972.981642
859046.469914
828563.374819
830763.959294
857455.693712
875454.014567
862316.282545
860144.098054
866719.527674
861533.770644
867703.578353
870936.3812
870716.151946
870688.632527
868351.279579
858981.181871
856595.436668
875996.351387
871429.295169
853972.981638
862328.005732
854878.406685
871440.637256
855248.778222
853919.750757
852853.237333
839490.734269
875433.94475
856121.283609
867914.396122
853972.981643
845990.507221
875454.014567
867703.578347
867219.86039
866405.060947
874151.270928
871300.186349
855368.634408
863007.426027
856982.333269
854878.406646
851802.016915
875996.351387
871440.637256
875433.944751
849277.926878
862800.235445
864940.160374
867900.802798
866604.430745
855347.734781
880949.020932
871315.283915
875454.014566
846964.428326
864369.185775
875454.014567
862800.235454
859992.119236
861475.73952
866640.242397
872637.105871
874179.233077
860935.749319
867240.323184
858981.181873
864369.185826
872576.558562
840039.888551
880969.293959
875996.351387
854021.660833
875746.180864
856763.16005
870759.249612
856982.33327
872646.306257
871300.18635
858935.73942
870810.513726
880949.020932
854063.672762
840769.770977
846997.890526
866737.511026
868233.58895
863482.330193
838427.829165
872646.306257
874344.28182
856121.283609
854836.390947
863872.512516
863482.330193
875996.351387
844101.718842
859203.391766
842227.732852
870576.110487
853972.981642
875454.014548
864369.185825
837504.498462
876000.993287
868233.588953
871315.283917
864172.307096
866604.431079
859046.469915
853040.539782
863650.513903
859046.469915
863007.426032
854876.746206
852998.419838
843890.916018
866748.725431
839298.378675
854876.746205
874151.270927
875746.18063
856128.448559
870488.897326
846939.948031
866241.362226
856763.16006
851669.424856
878014.431078
862738.633201
866447.047013
845983.658159
880195.85188
856123.714318
864107.723015
862201.441825
866405.141618
871076.9577
859952.166798
871365.74082
861198.61722
856121.283609
862800.235441
857745.985982
854876.746209
870433.184833
875729.488554
875746.180304
867703.578346
870810.513726
854063.672783
880949.020931
855347.73478
846939.948029
867711.386846
801890.940425
856126.116503
870716.115427
853095.259405
866405.060947
870759.249612
875996.351387
853040.539772
880215.003953
867703.578352
871300.18635
875729.488553
846964.428335
863007.42603
875746.180864
867914.396133
874139.000622
840464.909531
870716.151945
853814.304193
859974.653416
842759.276162
854796.745917
873365.749287
875433.944751
872576.558569
868233.58895
864368.717243
856728.093445
851337.964339
863647.142331
875585.534479
847312.120747
