21
31
38
38
19
22
41
40
19
15
20
61
33
49
23
41
35
23
24
35
30
29
52
21
43
51
65
26
19
44
27
48
163
19
32
43
46
42
42
36
26
18
38
31
26
29
51
22
25
27
51
33
42
28
20
26
96
42
27
31
26
60
511
40
48
28
53
63
42
42
21
14
36
22
60
30
33
23
27
31
36
20
47
48
36
51
30
29
60
37
40
35
31
40
18
42
44
46
19
17
45
46
31
32
13
44
30
130
30
34
12
32
24
39
35
44
35
22
19
52
44
44
88
33
32
41
33
20
40
31
47
47
42
24
17
17
28
32
20
40
36
30
42
248
20
43
42
27
28
11
27
35
27
92
16
31
37
36
51
38
28
49
18
40
108
50
38
38
24
26
23
46
27
16
51
36
21
18
20
34
44
28
43
37
40
65
24
27
26
31
25
43
28
26
27
96
39
56
39
41
38
33
33
18
31
33
28
73
20
21
33
30
26
24
33
16
90
31
52
34
24
26
55
26
61
21
40
43
45
44
45
28
26
35
50
47
24
32
58
25
20
42
48
31
28
39
23
43
17
55
21
37
35
52
20
46
39
17
29
27
36
40
41
29
37
106
28
32
27
47
41
49
46
23
34
26
31
35
41
26
26
14
50
23
36
23
36
22
35
51
30
31
38
17
32
35
49
34
48
35
25
36
38
56
28
20
42
29
37
158
43
61
41
26
136
48
19
18
50
74
25
45
29
23
12
48
24
13
23
49
17
50
29
27
52
43
38
37
14
60
25
20
42
49
41
39
156
30
48
26
15
31
26
26
30
34
31
25
32
42
42
19
48
16
30
43
2420
34
35
38
41
44
50
23
46
17
18
58
13
13
44
28
47
25
32
138
36
28
26
18
22
27
32
23
18
27
28
21
28
