1307327.6926631343
1311662.336757071
1309963.9157739044
1299540.0074102562
1304696.1351559379
1297582.7255067336
1314391.2249976734
1293949.0402559293
1309955.2120311342
1310557.9255518198
1306658.3280507952
1316000.2277715523
1310809.9371766003
1304435.134701684
1305628.7194802675
1302983.4604843652
1298247.049144745
1299540.0523957491
1321706.7114587454
1321381.8626717818
1305647.8290735092
1299706.2486218764
1317306.3689864352
1317774.9307485
1305647.8549055958
1321843.446633551
1306223.0213511216
1298173.7639281712
1305647.6672830621
1311816.81679103
1311848.5413259168
1310120.4218835873
1305628.7231220468
1302824.0114002228
1312006.227306671
1298246.9098091691
1311578.2526850102
1317594.6206020461
1305628.7210292683
1299400.3417842095
1294165.4447619014
1311858.3976565732
1296354.7381375819
1286034.6460922537
1305628.6515840234
1310563.0727491074
1317306.3808002425
1297876.1353929087
1305628.7156575928
1298173.7639664516
1308674.8145511725
1302843.4375599404
1309254.7193368317
1304593.6115360877
1321120.0045938098
1317425.7914599099
1316648.8247700925
1279790.424037451
1317624.9768416632
1302030.2962976478
1305628.6991510894
1312172.9752469824
1311790.730802119
1317041.7643624528
1307495.258064679
1294888.9400272574
1310419.741460809
1302450.5372394416
1295055.8613280258
1305899.3630783926
1311165.0690735274
1296031.1737272118
1316410.5646678004
1299428.7637247632
1313546.3469870947
1306095.485466563
1321119.9540597813
1320716.5839227762
1309730.6861294725
1279789.5540187326
1312164.6498074718
1289217.0324679087
1314390.5712269922
1321848.6760216402
1297956.4684298208
1310421.3289937894
1317965.368460483
1295823.8570366476
1302824.0088161596
1321069.7511237059
1299706.2309429406
1294546.1645838204
1298246.9091978297
1294888.94028036
1310554.914716698
1304602.184073614
1309414.967497103
1311635.1154077672
1298173.7634870626
1312179.2272282587
1305647.7892130956
1322130.0580124026
1321848.797831431
1315568.2452674047
1302194.758725201
1321706.0957274404
1312169.0598774212
1295975.2448896768
1310423.7303722263
1306658.394037457
1284625.575859106
1305628.7182256135
1319137.1927973446
1291104.5696189695
1310708.3811357468
1309007.7066571563
1298246.901423961
1291038.4297346
1292701.7906781216
1309761.2381976522
1278441.0844981566
1316751.8220348873
1320169.2573020938
1297018.3911617177
1299400.225891108
1319766.1991671075
1317594.6205519214
1278454.5131783434
1309200.7605930488
1301901.5064749185
1294596.813334447
1296397.451170405
1311867.2115356238
1296485.3909140767
1295984.3188937765
1294449.341398696
1296397.916559147
1302969.7027343994
1311858.4226685155
1321843.641343222
1315876.5415368043
1302983.5539385919
1296354.755560312
1302843.3641659766
1297920.4666347324
