1470700.959359604
1467219.1411359266
1470030.0040485966
1489949.3701909904
1489949.3761034214
1470752.4144714102
1478850.912563043
1485864.3413576104
1477151.5048238318
1485867.374787878
1486103.050782534
1479830.3414964022
1489949.376733132
1480317.3970693375
1470916.2831203458
1480274.8328850118
1486103.0504809862
1472407.419345845
1470931.2188711953
1470303.2328567659
1480777.4426527175
1470559.2133156753
1470801.768107651
1488892.3396530524
1486040.9550290813
1484775.9885098846
1481227.8968446094
1489203.102731004
1472407.4388173048
1461878.061614229
1483315.9173979745
1481227.8968467184
1480769.6124011641
1483059.2625224094
1478281.3913592647
1464387.7647329122
1479830.3414448907
1462431.9109579506
1470559.1684955817
1486919.9984636419
1483349.5722502272
1480703.8973706285
1478801.2265860662
1486103.0500595768
1487924.2096538953
1479474.830573483
1470928.8617718795
1478346.2416125636
1489128.8965337977
1483293.604203189
1462158.6903721564
1470752.411726969
1477689.6887256925
1478484.2318903024
1484317.1039881664
1489010.0417013764
1485064.3228616868
1489010.0416886855
1478866.7972104468
1471949.5276996172
1487924.2099815458
1463702.533632114
1490370.285207951
1486725.5576021606
1470029.99865384
1488892.3396930892
1483349.601142006
1494711.0751554663
1475462.3857437836
1478124.6643972357
1485859.4384140142
1488920.7542294953
1478281.3914014625
1479723.0356326117
1486355.2729869976
1486672.1073365428
1485867.3652722647
1472288.7086392674
1483183.104323898
1483349.6073342594
1481199.7741117745
1487725.8988959135
1474927.6266189243
1472407.438724784
1478879.2071028687
1470752.4144622753
1486919.8346516774
1480777.4428978164
1486919.8328637152
1473566.5079783017
1459283.7978642026
1484489.4694916604
1470752.4131367365
1474093.5615423613
1480956.5593668132
1494711.0810718315
1494711.0719164922
1482070.6924534189
1472698.2176619752
1482363.6274920907
1470916.2831128447
1470752.4144840143
1471293.6786629823
1464258.7142505979
1472235.2141683225
1478732.3416860967
1488892.339451641
1488640.2319217627
