1495784.78294
1490224.51266
1492640.50693
1504975.70946
1504976.20855
1488866.56937
1500336.2464
1501665.01695
1491471.79112
1503103.6302
1498949.48376
1497882.30701
1504976.18934
1492591.26928
1489191.16461
1492583.8762
1498949.29212
1498582.61298
1487774.35719
1499873.01503
1505872.98274
1487515.49766
1492160.98312
1501525.14534
1498663.91373
1500479.53708
1499461.224
1500292.80045
1498582.65252
1497652.07251
1500995.13419
1499461.30565
1504373.66059
1504504.5596
1495994.55079
1488961.20841
1497882.24091
1494342.13713
1487545.37347
1498016.31339
1501941.22821
1494813.55796
1497495.12216
1498948.77702
1499905.87121
1492989.77834
1487560.77564
1492784.97912
1501466.34069
1505226.56038
1484898.84182
1488867.43351
1492195.44524
1504177.54457
1495171.62786
1501347.7667
1498142.67505
1501347.77662
1500121.09924
1493731.78868
1499905.87282
1492241.25801
1501053.68067
1502410.78718
1492647.0962
1501525.163
1501942.41173
1504743.0277
1494992.24223
1492916.13184
1499765.23611
1501123.37592
1495994.43591
1501651.5167
1497903.99672
1504184.74115
1503097.70556
1489147.04898
1499507.16735
1501941.47986
1500289.92993
1504283.86167
1498621.46934
1498582.63383
1501868.88517
1488867.21365
1498031.61127
1505874.65619
1498031.19787
1495875.04174
1481376.44373
1504858.9822
1488867.16795
1493018.98413
1502564.54318
1504741.29613
1504741.74458
1494180.06161
1506230.97464
1505971.97733
1489191.14427
1488866.95553
1501665.55475
1488860.17094
1498466.05655
1500682.08133
1501525.34051
1506604.64065
