985767.631501
986711.184475
978293.833176
991041.359815
983388.910254
991041.359815
991748.02224
989021.527011
993711.226684
991184.462915
986768.818949
988856.326696
988629.24874
983699.744476
985224.64046
990558.578788
993051.286454
991184.462915
991475.679844
983685.457999
983671.085821
990942.400232
990602.216259
984884.13599
991295.084959
984322.855219
990646.819507
985633.233457
981659.403986
992687.147467
994080.871712
987712.879417
988243.788672
989416.028426
991085.29546
992819.361898
977643.08324
990849.661601
990921.107185
984758.783981
987400.787364
993025.350963
982555.186819
985487.837727
983211.751121
989623.036782
991475.017673
991135.104373
987897.956198
983674.505129
993755.336695
993051.286454
985881.260673
988480.165856
986718.112679
989661.179195
991371.917311
992657.327533
982616.885547
985340.842751
992064.53905
991327.452468
991517.700265
994902.113881
983531.58291
991135.104373
982876.042886
990041.584247
992814.348627
983871.206393
977643.08324
984037.918744
979780.611374
978848.153634
982398.359148
987983.447137
991403.045055
991600.570276
988703.775474
991316.038857
991041.359815
982727.189018
990448.352588
989451.112213
990948.41983
978579.723852
991174.396876
979207.231944
991818.101115
982954.415564
990787.173958
992814.348627
982145.09797
982263.734984
985625.110925
981408.540937
990293.582613
989717.722805
994762.674484
991124.220032
991148.521051
989280.667083
989661.179195
991327.452468
983888.699425
985420.668499
990558.578788
982904.577576
993051.286454
981777.716663
985759.10891
984322.855219
984880.105737
980697.588981
984796.66064
994089.877383
986711.184475
983097.674378
994423.296823
986931.941427
984364.687774
991748.015006
980559.215458
981043.444145
982794.333776
994762.674484
985291.246798
991124.220032
993245.294393
984981.588938
983775.75469
985656.374771
