1324827.6490652722
1329520.0050574266
1325915.310114447
1327321.9341762557
1325116.7845307612
1324878.9372413876
1329059.0979978933
1324929.858928048
1323620.035475362
1328933.2092091802
1327867.0041381142
1324399.892420372
1325642.678550773
1326735.7059190355
1324901.4232753597
1324989.9257310326
1324096.920352715
1324635.366760104
1324174.678796896
1322084.1617345486
1327379.179517718
1329733.8046032637
1324048.0093454965
1326514.9589911562
1324963.2012596237
1325392.6283836225
1329519.2146559253
1324270.321250827
1328356.5673284426
1325564.4418125062
1327487.6383320042
1325300.2956898334
1325433.593991441
1326554.1219708698
1325706.9019806383
1327050.5587132892
1326691.178660743
1326581.8647739948
1326618.5360854475
1325897.4398893313
1324077.0756171679
1322962.331360683
1325535.5400186086
1323934.5274761994
1323990.7049503033
1327660.6467157805
1324593.6318793292
1326157.4842317535
1323226.7747049895
1325001.7158758338
1325475.512615837
1324728.0664639077
1324866.966136997
1326069.4675991551
1325242.5835439663
1326984.0342673496
1324943.3027117236
1323939.9117717603
1326991.9229892604
1322689.8362849574
1327150.2065323042
1325330.5735375579
1329618.1729134303
1327024.285663643
1326913.6389790133
1326394.8992737415
1325003.419224133
1323106.2102372546
1326342.7354670882
1327643.1705659
1326769.420977662
1327326.9668464288
1324397.6932607978
1324555.2484687462
1325499.502273771
1322957.029375136
1326908.9916138914
1325936.49206725
1323226.6412505093
1326840.00216262
1319662.2025920441
1323062.6132991316
1326325.073417917
1320091.179652719
1325548.164035155
1323363.4994068888
1325123.7464487548
1324272.358582392
1324395.4565021156
1322755.3463291172
1327298.8359781778
1323481.3865619402
1325417.1040714711
1326171.400766772
1326870.0610328133
1325741.9939797358
1327493.546929354
1323448.3687703602
1325945.8066832079
1325929.5956669848
1321494.122041456
1325658.7764962246
1328059.252820554
1325426.6140100101
1323826.4018947482
1325171.8952828308
1326429.1477051503
1326404.862768156
1321125.0268045655
1323898.3396038362
1326255.9398549679
1326738.7157695834
1324870.1744847465
1324033.399368701
1327028.2239356951
1323308.220385652
1326589.0458181463
1325338.5877378592
1324645.145057551
1327439.427417851
1323293.2360180987
1324720.124996219
1325616.6343688802
