1361114.04224
1365314.03894
1361698.67435
1363235.53735
1361912.76104
1362111.52097
1365512.62027
1361810.08505
1360612.05159
1365256.88503
1364382.77447
1360882.25543
1362790.67767
1363898.25447
1361727.25521
1362007.24585
1359984.31729
1362074.186
1362005.05196
1359569.98227
1363990.26762
1366805.77434
1361102.11352
1362897.30132
1361580.66229
1361674.25437
1366214.31295
1360452.3602
1365664.47967
1361777.56282
1363608.22538
1361735.38545
1362410.38784
1363140.06467
1362107.9521
1363919.42891
1362951.45502
1363280.91886
1362500.3174
1361586.86354
1360778.67616
1359736.3258
1362555.94897
1360857.71179
1360123.67784
1364134.18831
1360638.21799
1362651.68991
1360775.65145
1362545.03496
1362516.91007
1361236.8782
1361797.06263
1362952.32643
1362949.05959
1362995.69299
1361938.02064
1361491.66446
1363438.35977
1359551.27465
1363187.12431
1361323.7864
1366558.61412
1364023.93075
1363694.58881
1363854.61082
1361938.11721
1360668.47376
1362650.77665
1363814.38118
1363249.30056
1364671.61002
1361694.19262
1360759.00692
1363175.96439
1360059.44072
1363869.73461
1362235.68652
1360004.76063
1363297.21718
1357853.46996
1360662.85446
1363469.46862
1357486.55154
1361943.24391
1360799.54407
1362265.04805
1361604.46696
1359495.14565
1359399.57657
1363811.0533
1360087.20686
1362243.17501
1363318.64341
1363494.07173
1362898.22854
1364395.99079
1359906.09764
1362900.06006
1362181.68691
1358950.37382
1363170.34698
1364849.22402
1362203.32268
1360671.56524
1362010.66413
1362698.25652
1362979.78354
1357918.43171
1362494.90426
1362411.30328
1363551.72473
1362482.47979
1361450.78997
1363595.45753
1360566.88902
1363543.02017
1362556.19868
1361291.04253
1363458.57139
1361183.07725
1361977.55606
1362432.57707
