365
394
426
439
446
474
471
484
473
490
492
500
508
523
533
571
592
682
696
689
708
761
792
808
402
864
867
870
879
913
960
957
493
1011
1025
450
1087
571
678
1112
640
590
1160
611
1183
464
716
630
424
664
750
1352
669
887
625
737
930
689
1491
1516
564
579
526
396
398
407
423
426
433
449
472
483
471
495
495
482
505
504
512
509
514
513
517
519
526
546
551
552
559
566
571
560
576
576
577
565
593
599
608
608
614
626
626
636
626
649
658
667
672
683
690
693
698
710
713
720
718
730
737
747
756
760
776
