1348034.89957
1347961.22928
1347457.36011
1332789.08482
1340865.15456
1330653.77046
1351559.77053
1324152.32214
1347444.97425
1347669.9059
1343536.35627
1353909.66772
1346328.94328
1335811.56023
1341708.01794
1337915.21263
1324069.15658
1332789.60357
1360054.33782
1359556.57962
1341951.52202
1332869.78438
1354969.70869
1356963.85059
1341950.36603
1360265.71365
1342962.29029
1326147.91313
1341952.61381
1347646.87308
1346126.73148
1344577.97264
1341707.79775
1337511.8825
1345617.56384
1324059.02672
1348111.60097
1356233.3314
1341708.92874
1332441.39344
1320449.22024
1347591.0365
1323514.67709
1308360.37118
1341709.10353
1347592.51976
1354971.42798
1330893.85027
1341707.96579
1326148.04398
1346055.94963
1337599.2584
1342774.06251
1340937.35494
1360423.10875
1357024.53662
1355016.38991
1316486.84434
1354945.17697
1336407.45261
1341704.05832
1347988.79001
1347450.76701
1355471.32933
1344177.41343
1321953.99545
1347406.68346
1336785.2613
1322643.68037
1348605.42169
1346380.061
1323933.8771
1352868.63369
1332505.0506
1352382.02797
1343968.73893
1360420.04918
1359038.59648
1346788.41998
1316476.55056
1348110.61119
1316580.1936
1351560.11319
1360088.06148
1323872.58902
1348414.97754
1355391.77687
1323663.21874
1337511.58678
1360629.14391
1332870.1344
1322327.27248
1324061.2329
1321954.03179
1347540.98475
1340926.69681
1342423.07201
1347344.22808
1326147.95579
1346182.93897
1341953.34495
1360712.20699
1360083.92701
1352396.39856
1335116.29405
1360040.14844
1346201.47111
1324489.28167
1348398.89051
1343531.16779
1321058.05623
1341708.17914
1358532.63275
1318675.56949
1346491.8883
1344771.5665
1324063.85764
1318732.65444
1320401.89462
1343282.14886
1312805.99627
1353114.30211
1359024.18458
1323747.98154
1332432.46078
1358993.88861
1356235.23736
1312940.47202
1346735.51484
1344500.23825
1321884.51965
1325291.68131
1346219.14343
1325378.23173
1324434.16834
1321141.41213
1325383.60205
1337855.9232
1347593.30327
1360264.15241
1353867.42191
1337918.04372
1323512.59544
1337598.95022
1324111.66362
