1410466.4844866453
1411419.4651934018
1398211.6715929336
1412287.963184741
1403257.636468706
1406067.9364327083
1406894.9818180616
1407362.184001878
1384402.4909153248
1396077.2796565145
1418414.1696130573
1408151.828352505
1405623.31896174
1399058.7122929604
1396394.146163684
1395322.3004814845
1414178.8885493155
1396077.2796369377
1415826.7396486613
1415874.4647236192
1412284.4616086492
1410466.4870833997
1396077.2799924319
1400219.9563963967
1386635.093936091
1395432.0228950118
1418414.1696142533
1408461.2182389365
1408467.7658123255
1413070.3977400395
1406727.3971843044
1398211.5704264785
1408745.4539830897
1407352.4319090513
1399053.9492004614
1406381.764957655
1406381.764957655
1409699.610937212
1406426.686015559
1414764.2614305061
1409047.8569483205
1401930.723514046
1405821.649983295
1406326.9437102766
1409952.7630354743
1405569.554074004
1403257.636469229
1420340.5234643698
1408467.7642032509
1384104.124765202
1408336.1460532993
1404748.2285610407
1413624.9963533445
1392091.032197338
1399058.7847248497
1403257.6364691842
1416142.19275178
1399501.5968930756
1413070.4022360859
1395322.3033861194
1415110.1012928411
1399056.475679544
1416142.1493799924
1404374.6035493766
1394281.1136593511
1408477.2796587748
1405621.571799472
1416154.2874013977
1409711.8791934154
1396077.280480233
1413067.3898962792
1411451.6470352102
1406797.7730277495
1402675.720026465
1408656.7885189706
1414169.0828429998
1397619.09415552
1396077.2804523672
1412378.8635055665
1411784.043141954
1383938.4143256098
1412284.176243449
1405170.0989566813
1409385.5660735997
1405170.0990118093
1393782.848973405
1396077.2788904489
1389703.536829159
1404956.5634091608
1411151.3263902524
1415107.0474907276
1419307.2998261123
1396077.2490931142
1408467.766268247
1407364.05096419
1410823.3009956647
1399014.925516485
1413629.8886687174
1401902.0849726745
1419307.3274361403
1406607.4492305352
1412378.8637014322
1393782.8492957156
1395693.3184191103
1409434.608541591
1395693.3183954072
1410823.3013817463
1395432.0238883474
1415957.762979059
1388167.9352967043
1386635.093136165
1389703.5368000958
1400868.9062377175
1388161.2841607544
1405841.4179693153
1404238.5002737727
1406568.1568509655
1413107.1909544712
1414915.312242788
1396077.2796347756
1389634.5283958912
