1446838.2333
1445111.57449
1437665.75449
1442361.51365
1435613.57957
1437582.36385
1444512.13459
1442843.57118
1419192.4342
1431658.59281
1447803.12425
1444528.39367
1439531.13976
1438147.63953
1435152.97019
1429161.99954
1450322.17289
1431658.53505
1443565.67761
1448802.92644
1448932.9294
1446838.23245
1431658.58853
1434636.32879
1427580.91555
1429205.85575
1447803.12424
1448098.07163
1440868.40745
1438880.53904
1436150.79386
1437598.03209
1434787.98514
1438740.13786
1438143.70568
1442899.52608
1442899.52608
1439297.27055
1442917.77742
1445962.43409
1433642.84649
1431800.51318
1438730.74444
1441857.72396
1438505.94246
1440925.81783
1435613.57909
1444053.49066
1440870.28815
1418307.9866
1435611.77777
1438333.66248
1437870.50388
1425283.61529
1438147.69901
1435613.5792
1449942.29156
1433879.77514
1438872.23389
1429162.15242
1445765.1605
1438145.79203
1449942.27228
1434968.12065
1434313.45489
1447203.42901
1439530.57948
1449960.7637
1439051.02543
1431658.59893
1439157.8181
1435478.88904
1434453.92218
1434839.07829
1441796.95379
1449160.68551
1432673.92563
1431658.60208
1446229.51846
1439887.64376
1414563.21045
1448915.04999
1429095.94449
1438514.58002
1429095.94434
1426269.09112
1431658.62382
1423391.53491
1442055.87669
1439590.18065
1445616.07788
1443058.69791
1431658.52564
1440871.77705
1442844.75193
1435712.10762
1438076.17438
1446634.82857
1433240.57888
1443049.54025
1444489.57981
1446229.43239
1426269.49843
1429171.38422
1439084.44925
1429171.38422
1435712.11969
1429204.75023
1450801.45763
1421983.09067
1427580.23697
1423391.53849
1429316.49011
1424821.42649
1437192.82673
1429255.12805
1437804.12601
1439296.904
1446252.43359
1431658.53818
1419669.62068
