994081.174198
987860.784093
992615.692106
993014.61108
987434.423722
994421.631848
989390.039417
991661.719699
989905.508088
987669.253159
992295.619023
992008.441627
987199.455701
992740.854874
993097.710965
992912.510966
989294.559697
990079.800767
989054.593665
990703.885512
989804.335732
988769.514777
991951.862838
990450.692918
991155.355284
992052.942516
990347.300602
992058.348252
989141.725445
992673.307962
990451.840277
989169.364737
987798.700146
989762.792858
992673.970427
992675.566569
990979.089621
991506.477586
989128.947265
993481.038286
989922.188339
990146.326274
989023.846983
989797.50205
990635.100264
987447.448078
994287.069174
986483.081821
992067.343622
990453.80638
990280.295827
989152.743339
988230.865126
993531.111611
992994.763349
989880.52831
987027.128363
993417.327456
988969.341914
994109.014867
988639.145054
989115.433763
994089.491995
987278.363471
990486.684229
990933.135916
986226.864247
989142.438787
989573.238577
987564.736659
991248.164363
988967.836493
991356.801814
991330.126772
987313.755638
990341.244712
990151.043956
991379.990361
990274.519749
990861.531681
988360.499099
992077.98084
988424.553602
990652.119482
994266.554746
989775.09891
989289.363342
989872.123498
994438.529361
986297.79278
989633.458163
988981.118889
988468.541888
988201.253457
991042.637554
989912.4021
987612.282979
987475.230894
987266.594241
990048.819869
988489.199196
989214.219455
988414.634079
990886.857424
991030.884938
992594.409814
988641.296389
989501.091415
990750.037511
990439.555159
992071.42415
988284.011366
