1360697.4979221392
1325392.557750303
1337403.6072306037
1357102.8434680034
1357106.340548594
1328461.1935975922
1345485.4413696635
1355984.2632063513
1332167.876289066
1337395.0799089517
1349691.2999244453
1331857.0754190236
1356393.1549001073
1356740.9011343003
1361439.715285999
1347860.1498785317
1322423.7101522563
1332167.862831315
1360253.38002722
1342355.077959357
1339978.5632822847
1327667.5809877336
1322336.4106764647
1355059.421300835
1358223.9708585523
1339588.6109347166
1327994.326785932
1360253.2131000676
1381832.8806432036
1377614.5837691582
1360300.4849148798
1366103.3933729238
1366756.0245751003
1377614.5837729468
1331857.0607105752
1327388.2947114953
1358223.9696340435
1339824.3300178025
1360300.4875199706
1339205.4912752665
1346661.1191274025
1326370.2817048766
1377614.583635169
1342355.0867001594
1340776.422497636
1361315.5310747542
1325508.5422886105
1361439.714769357
1353390.3561408287
1350694.2089037534
1369511.543080296
1340352.749541031
1330505.948366011
1350906.1895893505
1352571.9405260887
1352675.6644251791
1360697.5116733112
1360697.5108792318
1347860.137394245
1366756.0245377207
1332161.401370964
1357945.2338560233
1332167.8818906026
1328463.162609435
1325533.7626994364
1333745.4940620484
1369511.542556281
1337007.3112172033
1346661.1064250048
1337403.605239195
1361439.7142021377
1377614.5834668458
1335765.0290944136
1339588.769164261
1332167.8100494538
1371907.6407594886
1346661.1197194331
1360253.3794790865
1352631.753670711
1359011.6093781034
1366103.3874679462
1352675.6645057246
1346661.0849727439
1347860.1475825803
1366234.129135986
1367133.6598388054
1346661.1184983023
1333130.2709579985
1366103.390877776
1358125.4316808262
1360245.146418646
1356968.1798209306
1351584.0135397783
1357543.5814776549
1339978.5631586278
1352675.6645083309
1328463.162586376
1347860.149877009
1353758.8986999386
1357106.340548594
1337007.284453487
1328463.1057254917
1377614.583636452
1352571.8875349013
1339978.5638397334
1366103.393023547
1360697.509107223
1358223.9689809068
1325533.7626993486
1345472.8437236687
1337006.0182735536
1365661.9416566046
1366102.5669849978
1381832.8806513154
1344199.2997295682
1347860.1367176955
1361103.930100265
1356967.8722799043
1352631.7536718035
1360697.5064177804
1339978.5633866119
1371235.2284070011
1353390.3560654577
1352571.9382560921
1346375.2271541858
1358223.959513392
1353998.9533920106
1358223.9703349154
1337526.0100503007
1355059.4216977453
1361255.7069932707
1339205.489028424
1370082.9035133854
1359011.6110829865
1353390.3559213704
1361002.8503475313
1349867.7053281697
1330719.4148892558
1360300.4848281546
1325533.7634745494
1339205.491283229
1366234.1420883038
1369254.2418874847
1371907.6430394524
1347860.1461717782
1339978.5631592532
1325508.5423884743
1352675.6645093726
1327667.5809889804
1360675.7734532943
1381832.6052697597
1336697.419645219
1365661.940470283
1353390.3561406343
1361507.159400287
1333130.2605114903
1353390.356140639
1340352.74955698
1339978.5631504077
1371235.2284262958
1358223.970961036
1361002.823604691
1338950.1693053835
1322423.708968049
1352112.9270151746
1360689.3454230293
1327667.5809877338
1360689.345377819
1337382.7407526267
1360697.5091101786
1356393.172581125
1327203.4951603347
1366103.366130307
1340649.0772821628
1331902.3757528195
1355285.1374562953
1347350.7823471923
1346660.8582590823
1358666.98023624
1360692.5587543284
1342231.0292472222
1337042.2537679416
1355990.392110185
1325508.5422886226
1358223.966699479
1366103.21163724
1348085.697066046
1348085.5750287687
1325508.5423030185
1325877.3156747909
1346660.7373850252
1352339.9478521761
1358223.970709385
1345485.463048213
1360683.4445943425
1352675.6644589994
1359011.6110838596
