8
9
10
10
10
11
10
11
11
12
12
13
13
14
14
13
14
13
14
14
15
15
14
15
15
16
16
17
17
17
18
18
18
19
20
20
20
20
21
21
21
22
22
22
21
23
23
22
23
23
24
23
8
25
25
27
9
9
27
28
10
10
10
10
29
28
11
11
11
11
30
12
12
12
12
31
12
12
32
32
13
32
13
32
33
14
14
14
14
14
14
14
34
14
34
34
34
15
15
15
15
15
15
15
16
16
16
16
16
16
16
37
17
36
37
17
17
18
18
18
39
39
39
18
40
19
40
20
21
21
21
43
21
22
22
23
23
23
48
25
50
26
47
51
28
29
30
31
33
33
34
34
34
35
35
62
63
38
38
40
40
42
42
42
43
71
44
44
13
10
75
12
15
48
14
16
49
13
17
12
50
16
9
24
17
16
16
23
23
19
13
10
16
16
17
56
56
