1481427.7802538015
1475320.3029836537
1481012.618518378
1456654.5217461803
1483999.7766595397
1470344.8484964906
1478147.764347288
1472305.0036711718
1483054.7058374502
1479153.332235048
1479647.156878044
1483054.7066659445
1478547.4582592344
1472606.8474374088
1484533.8392742234
1479645.4358878206
1475693.8504097029
1450199.2845197318
1455601.517953936
1452631.7393225455
1474831.200683655
1479158.367633233
1486297.5076152475
1475320.315983774
1455824.6185276872
1495577.3541018453
1478147.7702962353
1450199.2491912358
1481427.7705925864
1479092.4867033653
1481739.1112955352
1478548.0603308694
1478455.0052114432
1458166.3214571262
1479876.2790880324
1479153.3316340703
1456654.5294700656
1463450.0783509864
1494774.3326009556
1494774.3325921327
1475110.2494568976
1474947.794568428
1491343.2443851305
1456654.5296639535
1476709.059701748
1456654.526986673
1477255.5357900965
1475110.2494516287
1484794.3959583687
1450199.281751075
1486941.4767277678
1479876.2868846622
1484794.5457817232
1477280.9543876962
1495577.354103449
1455646.0754597776
1483054.4170790757
1475280.768685645
1476709.060252776
1491500.2419934191
1486458.1729271794
1486941.4765890294
1486941.4765932504
1475280.773319025
1494774.3326003738
1495577.3540905574
1479876.2885074392
1475280.7736245943
1475280.773400522
1485753.0991621702
1485588.9994724053
1475601.078715672
1465621.6079533417
1469682.2720623498
1442369.1705186577
1494774.3325990005
1465274.406099048
1465208.4409726784
1462211.6542694897
1453123.813446832
1475110.2494178228
1451765.3380295099
1472287.0320990025
1484533.8144170127
1495577.3540978946
1456831.3093990167
1472581.134882621
1471410.1974199878
1478883.833296539
1478087.6680820896
1467829.1015394733
1479647.1584576285
1452375.1733580828
1467441.5285977744
1476011.3282147434
1479646.730239961
1478883.8568361362
1469069.4369058595
1481427.6738054312
1471411.533018346
1474710.596386687
1481012.6175929666
1471295.4897472397
1495577.353994423
1477938.3299888852
1450199.2567955416
1475811.5966141485
1477281.012342525
1472281.4560636994
1479659.500509
1491500.2419286014
1481012.6185239565
1456668.634049541
1484381.0994917855
1475693.8506897015
1491919.3952251065
1465208.4409624585
1481427.7910822073
1482008.916073443
1484381.099489615
1479876.2868921189
1475259.5643661022
1475280.773646447
1475351.3254954515
1452509.938369752
1471411.5412869332
1479623.6550401363
1487549.8338439409
1478135.7686661321
1479876.286873454
1469986.7059195284
1494774.3325336732
1474042.4963528141
1482008.9164898638
1481059.3647858168
1478893.9665375988
1465262.7463592424
1463507.9157012654
1484381.0994731372
1475280.7736373094
1476011.3289445117
1486941.472558943
1465394.296631303
1475693.801091653
1465394.2966945104
1484533.8397223556
1482008.9074071567
1472293.0770532812
1477642.7955954412
1475351.328148801
1455600.6986666187
1475601.0782699932
1448434.4234157468
1486941.4767294982
1471450.4207483984
1446818.9732637522
1479179.487340622
1483597.798860809
1476205.004695134
1482008.9155422314
1450199.2690278739
1452631.7381132706
1481811.910663999
1469290.078571182
1478176.955357663
1495577.3540672231
1451765.3215053508
1466549.2202428905
1466392.33586661
1477824.314227714
1450199.2332041678
1475534.4315860216
1477698.1403491457
1486302.6937256185
1465394.295094731
1470157.9130218383
1486148.3277759268
1476442.3500038802
1481679.8899279458
1478883.856814297
1458312.992545121
1463413.429783159
1455790.35132427
1482475.8214565364
1475023.0695223259
1474710.596402271
1474990.6113330931
1483054.7066658004
1475280.775858316
1477992.332020821
1479600.2990331517
1484642.8355231085
1475368.5216579721
1455790.3129567618
1475280.7741829765
1479153.3262785608
1481837.7692398275
1474669.2235785844
1494441.2766417945
1467961.4011742023
1483537.788373777
1472306.4211043122
1485521.314380131
1474831.213993747
1455824.8214579236
1479179.398572739
1476390.1492407497
1462697.328539566
1481427.7391701767
1475110.2494487937
1479647.1519369287
1477056.5777220256
1475601.0771055517
1465394.2989775857
1471295.489727189
1479153.3325063093
1484532.8433395852
1477635.2455663695
1486505.4762278786
1482336.2611589425
1467441.4874824279
1456654.4498848922
1484533.8398427179
1481684.2662895322
1481008.9243360315
1484381.0994919324
1462551.5646189498
1465208.4409779934
1475693.8199001122
1477280.961536129
1456006.5714982315
1479153.330658929
1481045.8306048454
1486297.50454789
1491452.5766092502
1478341.173023702
1477056.579679963
1479647.153375245
1466392.2389358457
1455788.9868727513
1483108.4477021906
1481012.6183469016
1476205.0442037769
1456025.3856853603
1495577.3540945686
1483545.0742727425
1473319.7411446779
1483537.7883651948
1475690.443760375
1485694.5667620574
1483509.4448553575
1491343.2394278937
1469069.3904130452
1451525.1689227447
1452311.1846087351
1475259.5650284225
