1502678.55096
1497203.66789
1502838.70106
1482155.88472
1504450.99195
1491899.55582
1500828.71139
1493216.73852
1504441.10364
1502911.7424
1504692.11507
1504441.10419
1502267.61413
1498527.33012
1502817.15523
1504691.83246
1501494.53753
1474672.36557
1484832.95719
1476629.91851
1503360.42648
1497797.50262
1500388.78783
1497203.65755
1485003.82987
1513847.76672
1500828.70056
1474677.23206
1502678.54265
1499158.23276
1504725.50668
1502267.61885
1502649.57552
1483413.65813
1505501.06035
1502911.83307
1482153.97296
1491466.61716
1510747.49746
1510747.49733
1492324.46874
1504954.85039
1506611.98773
1482154.23689
1501184.50027
1482153.62362
1493466.55541
1492324.46866
1501320.54219
1474672.02742
1502562.20659
1505501.06429
1501320.9088
1493472.4011
1513847.77186
1484900.6081
1504440.96974
1496253.38387
1501184.91716
1506703.00642
1501507.97958
1502562.4312
1502563.15778
1496251.27496
1510747.49756
1513847.75756
1505501.06381
1496251.37439
1496251.45472
1498618.29349
1498565.30964
1497907.7521
1486004.00767
1491627.9044
1468614.82544
1510747.49745
1490930.6623
1485681.70754
1481889.84136
1481886.19878
1492324.46731
1474239.75894
1498142.73175
1502840.51048
1513847.76667
1481190.41765
1500662.04805
1497358.02378
1500450.61264
1502156.02353
1497216.18431
1504692.09794
1475285.77852
1496971.588
1503292.00246
1504689.50086
1500450.92548
1490590.06084
1502678.46084
1497360.63609
1497717.13173
1502838.66798
1490669.77862
1513847.70486
1499173.53634
1474669.66989
1496768.97774
1493466.2819
1498937.01349
1498222.00462
1506703.03262
1502838.70149
1485086.72008
1506645.55269
1501494.53772
1505255.35759
1485681.70411
1502678.55979
1506613.87037
1506645.39271
1505501.06428
1496216.51779
1496254.72335
1496325.95019
1472598.37544
1497360.61443
1505193.71705
1500664.12367
1497811.31239
1505501.06428
1493756.75084
1510747.49683
1497194.521
1506612.91593
1502787.24398
1504326.3661
1484483.46412
1481903.69531
1506645.47323
1496251.29237
1503292.00314
1502571.10997
1484449.01098
1501494.51292
1484448.92454
1502819.93239
1506613.31856
1498330.61077
1501541.44226
1496325.79839
1484834.21376
1497907.79198
1479943.64041
1502562.28097
1497426.7415
1475337.60475
1499190.01243
1499153.05763
1489530.48011
1506614.08345
1474669.91707
1476628.78453
1506782.68273
1490790.206
1497817.87404
1513847.81755
1474237.61745
1485785.31815
1488792.10264
1499278.21905
1474670.83063
1497355.33966
1502172.10421
1499034.10093
1484448.73501
1489614.01619
1498935.42903
1496842.3218
1501113.70668
1500450.92765
1483460.43184
1495817.38766
1485026.72725
1498439.4824
1492265.36338
1497717.29886
1491624.98837
1504441.10419
1496250.38438
1500453.47427
1498725.06059
1502773.96972
1498093.05177
1485028.49431
1496252.94196
1502911.79345
1507621.16424
1496279.6307
1510529.53574
1489142.76163
1495189.15364
1489255.85629
1498780.13211
1503360.44611
1485012.37105
1499208.82245
1500688.54697
1491933.35031
1502678.5109
1492324.46866
1504692.10255
1504361.15145
1497907.65234
1484448.70706
1490669.78247
1502911.84493
1502945.85904
1502406.15685
1500128.29275
1503103.99652
1496971.59628
1482152.3929
1502819.35678
1501556.10266
1508750.66198
1506645.5523
1484808.64536
1485681.78911
1501494.51587
1493464.68676
1485148.82645
1502911.95665
1509213.96243
1500388.89058
1506667.3391
1493009.28316
1504361.15666
1504692.08588
1488786.34722
1485016.75924
1500902.71798
1502838.69309
1489523.93218
1485322.58924
1513847.75929
1499080.30157
1498849.17259
1495189.16008
1501492.25847
1502105.94616
1502659.41193
1506611.89757
1490595.22369
1475908.61494
1481058.14857
1496216.45858
