10
13
19
20
20
20
21
21
21
22
23
21
24
24
25
26
27
27
27
25
28
28
28
29
29
27
29
30
30
30
31
29
31
31
32
32
33
34
35
35
36
37
37
37
37
38
39
39
40
40
40
42
42
43
44
44
46
48
48
49
50
45
51
52
53
55
51
52
57
58
59
64
66
69
74
75
76
76
80
13
91
36
21
23
17
29
28
21
30
33
102
32
22
105
44
30
34
38
33
37
36
34
39
17
34
33
25
31
12
37
50
18
31
126
34
46
48
28
41
132
47
24
43
133
132
41
60
26
136
45
50
41
51
51
19
22
30
67
157
55
16
48
74
25
45
67
20
24
64
101
27
80
32
95
105
31
28
116
23
23
104
28
25
41
83
15
115
127
35
35
45
37
23
49
43
22
208
21
41
45
49
39
42
220
133
48
41
15
42
38
57
22
20
12
46
50
88
43
145
236
112
153
38
16
26
32
22
105
28
78
27
19
80
53
68
34
24
118
90
16
142
43
66
116
26
101
29
88
30
19
24
30
46
28
20
290
30
23
58
19
54
63
31
36
35
221
73
55
33
67
59
315
33
138
26
67
