55
60
58
63
60
63
66
69
69
72
74
77
82
82
85
89
97
103
103
105
111
127
138
153
152
69
180
131
183
87
70
80
97
205
212
216
218
94
94
224
231
230
133
240
93
72
109
131
129
278
49
169
297
75
194
78
161
311
215
69
69
250
84
62
115
228
71
90
84
76
93
402
150
157
81
71
114
158
171
79
92
91
63
441
107
91
259
332
173
75
47
171
164
74
124
55
349
201
61
231
91
62
137
537
88
81
77
104
98
52
102
370
583
149
133
214
215
82
73
144
110
63
333
655
475
291
96
75
193
239
291
91
435
136
298
123
408
635
164
433
134
96
93
153
98
131
286
103
641
74
134
135
62
96
170
180
307
92
102
73
74
353
132
116
80
145
184
84
126
256
196
168
138
91
142
261
117
80
106
63
122
159
205
87
160
78
47
131
83
137
426
167
224
98
104
149
77
105
542
48
243
100
184
83
364
353
157
73
154
225
70
93
233
54
65
643
353
221
335
447
49
90
325
472
117
90
138
59
97
118
49
557
655
248
69
158
307
277
57
134
68
107
112
91
152
76
59
190
50
91
71
46
243
56
498
300
61
494
75
98
81
68
76
75
137
316
81
69
61
161
82
73
73
79
207
231
83
120
106
618
162
396
148
166
227
348
224
129
186
210
72
974
61
86
283
63
53
83
80
145
230
154
213
85
207
180
289
56
77
309
93
896
81
87
128
69
71
175
190
76
261
321
278
128
93
101
66
145
237
104
118
121
86
182
233
74
64
91
91
51
306
70
147
