1261293.38888
1300361.14078
1280524.78915
1284372.24633
1299391.76202
1299326.83
1299391.76416
1299326.83199
1256375.01256
1299391.76619
1272753.05346
1280036.41663
1274894.50177
1284372.24565
1299391.76612
1286173.62432
1299391.76591
1280140.46258
1299326.83703
1261434.14807
1300385.34741
1263854.01089
1267133.75601
1299326.82407
1285054.85069
1280327.20209
1300385.34738
1300342.38074
1256375.01248
1268819.77384
1263871.64384
1272732.19358
1276550.0321
1300342.3965
1299391.76627
1284283.64303
1299326.83242
1284372.24269
1300361.14152
1284283.65038
1263854.01072
1300321.5781
1293267.84888
1274945.86546
1274062.53391
1274956.6002
1300361.14288
1300321.57936
1284283.64348
1284969.91398
1284244.50567
1258765.85072
1281112.05799
1294292.34248
1263871.64381
1280216.09952
1259611.8034
1280327.54293
1300385.34738
1274023.59131
1300385.34737
1284372.24334
1280516.82945
1261360.13039
1299326.83059
1252299.66668
1299326.83051
1272752.95555
1300321.57834
1299391.79587
1294292.38509
1259611.78105
1300385.34737
1284283.64175
1300321.57898
1258806.42114
1258948.60083
1267133.60081
1299326.82944
1286141.23922
1267133.75607
1286228.23037
1293223.50146
1300361.14164
1300361.14045
1272752.99692
1286141.42679
1299164.58767
1261293.38903
1280036.41855
1280228.74142
1300321.57903
1284283.64181
1294272.3449
1299391.76592
1280009.87448
1284372.24526
1300321.57874
1258882.02826
1272752.99171
1293223.51151
1299391.75731
1259611.76513
1300321.57881
1273579.73
1284372.24776
1284283.64206
1257957.67
1286141.42445
1300342.38385
1300321.57842
1299391.76598
1280140.45443
1272732.20494
1259611.75223
1256429.41099
1284328.39268
1285055.13746
1300385.34741
1300361.14094
1267124.1927
1294328.09693
1284283.6364
1293025.41968
1284826.12616
1299326.83112
1299326.82638
1256375.0125
1267133.75609
1300361.14104
1280225.15212
1300385.34699
1300361.12365
1300385.34737
1280036.41782
1284244.50629
1243203.80973
1294272.37553
1276798.05705
1284328.39302
1300361.14096
1286141.4268
1274956.59997
1256429.41151
1294292.38456
1286141.6231
1284372.24969
1259611.76189
1280164.53304
1284372.24777
1274956.59995
1274945.86498
1299326.83086
1280009.87454
1299326.83021
1299326.8159
1285055.13781
1274062.5339
1263854.01101
1286141.42302
1300361.14116
1300361.14113
1300361.14094
1258882.95053
1258014.44937
1290167.97626
1267124.2286
1300361.14094
1294272.37537
1284283.64404
1274945.86497
1300321.57877
1285056.38909
1274945.86498
1300385.34737
1284372.24308
1261360.13051
1280009.87447
1294272.37561
1274062.5339
1272732.19362
1280272.60163
1280036.4182
1280141.43404
1300361.14102
1299326.83033
1280320.01761
1258948.67773
1299326.83185
1299326.83248
1293223.50881
1300361.14094
1272752.98174
1300361.14235
