872362.937471
869046.085122
877288.63491
866276.531259
872402.099089
866276.531259
866276.531259
876836.416327
876415.878381
876446.605631
882751.999051
872362.937471
850062.177994
860631.593752
869046.085122
877288.63491
877307.196759
872349.841984
878292.377382
882782.998293
876446.605631
869046.085122
872402.099088
866276.531259
872349.841984
837454.799435
882751.999051
873173.829037
882751.99905
876836.416327
872349.841984
872349.841984
876415.878381
872402.099088
868999.922394
877288.63491
882751.999051
876446.605631
878266.289706
860622.455518
882751.999051
868999.922394
869046.085122
877307.196759
877288.63491
878266.289706
876836.416327
872362.937471
866307.061438
872586.794131
868999.922394
856338.640048
872349.841984
872392.045664
878266.289706
882782.998293
882751.999051
866276.531259
869046.085122
866307.061438
877307.196759
878292.377382
882782.998293
872402.099089
866276.531259
869046.085121
869046.085122
876446.605631
872392.045654
866276.531259
872392.045664
860622.455518
877288.63491
878292.377382
837454.799435
878292.377382
872402.099089
878292.377382
860631.593752
872402.099089
841940.36396
866276.531259
866276.531259
866276.531259
872541.976048
849176.590349
868999.922394
878292.377382
872586.793203
860631.593752
876836.416327
856386.883943
878266.289706
882751.999051
872392.045664
872349.841984
866307.061438
877307.196759
876415.878381
872349.841984
876836.416327
878292.377382
868999.922394
876446.605631
872362.937471
837463.025244
868999.922394
876836.416327
876446.605631
872349.841984
856338.711567
872362.937471
877288.63491
877288.63491
877288.63491
876415.878381
882751.99905
876836.416327
878292.377382
876446.605631
872392.045663
877288.63491
876415.878381
882751.999051
878266.289706
872541.971676
876836.416328
868999.922394
872402.099084
837454.799435
866276.531259
872362.937471
876446.605631
882751.999049
877307.196759
849115.165974
872392.045664
872392.045664
868999.922394
877307.196759
876415.878381
878292.377382
872402.099089
882782.998292
869046.085122
872349.841984
878292.377385
869046.085122
876446.605631
882782.998293
876836.416327
866276.531259
866276.531259
876836.416327
860622.455518
878266.289706
877307.196759
882751.999051
860622.455518
866307.061438
876415.878381
877307.196759
882751.999049
876415.878381
877307.196759
872392.045664
876873.426969
882751.99905
868999.922394
877288.63491
882782.998293
872349.841984
866307.061438
872392.045664
866276.531259
876836.416327
866276.531259
872392.045663
877307.196759
872392.045664
860631.593752
877307.196759
866307.061438
878266.289706
872349.841984
876873.426969
876446.605631
876446.605631
866307.061438
877307.196759
882782.998293
876415.878381
882751.999051
868999.922394
868999.922394
869046.085122
865051.420871
866276.531259
837463.025244
872349.841984
877307.196759
856386.882172
877288.63491
872402.099089
877307.196759
876873.426969
868999.922394
869046.085122
849953.805715
860631.593752
878292.377382
856386.20907
873173.829037
872402.099089
876415.878381
872402.099089
876873.426969
876836.416327
878292.377382
837463.025244
876415.878381
872349.841984
868999.922394
876446.605631
877307.196759
872402.099089
876873.426969
882751.999051
877288.63491
877288.63491
877307.196759
866307.061438
872402.099089
872362.937471
872362.937471
872349.841984
877307.196759
866307.061438
882782.998293
878266.289706
779523.388571
877288.63491
878292.377382
856386.885112
878266.289706
872392.045664
872349.841984
860631.593752
882782.998293
872402.099088
869046.085122
872402.099089
876873.426969
873173.829037
866276.531259
877288.63491
878292.377382
872402.099089
872362.937471
877307.196759
876873.426969
866276.531259
869046.085122
882751.999046
866276.531259
866276.531259
856338.703172
876446.605631
876446.605631
856385.897125
878266.289706
872362.937471
882782.998293
856386.873651
872392.045664
868999.922394
872586.777789
872541.956088
876415.878381
869046.085122
877307.196759
872541.976314
882751.999051
878266.289706
877307.196759
869046.085122
866276.531259
882782.998293
866307.061438
873173.829037
860631.593752
882782.998293
878266.289706
872402.099089
856338.702584
868999.922394
878266.289706
876415.878381
868999.922394
860622.455518
866307.061438
872362.937471
869046.085122
877307.196759
873173.829037
866307.061438
866307.061438
869046.085122
866307.061438
869046.085122
878266.289706
878266.289706
876836.416327
873173.829037
872349.841984
872349.841984
866307.061438
882782.998293
856338.695248
872392.045664
876446.605631
872392.045664
876415.878381
882751.99905
866307.061438
882782.998292
878292.377382
877307.196759
882751.999051
876446.605631
860622.455518
860631.593752
878292.377382
872362.937471
873173.829037
866307.061438
866276.531259
878266.289706
856386.876085
872392.045664
882751.999051
872362.937471
868999.922394
856338.69745
876446.605631
872349.841984
868999.922394
877307.196759
878292.377382
872541.959887
882751.99905
878292.377382
876836.416327
882782.998293
876836.416327
876873.426969
856338.708685
872586.786447
866307.061438
872586.794048
877288.63491
860622.455518
872541.954572
878292.377382
876873.426969
856337.890651
876446.605631
860631.593752
877307.196759
876446.605631
878292.377382
866307.061438
866307.061438
878292.377382
882782.998293
868999.922394
866307.061438
877288.63491
860622.455518
882782.998293
866276.531259
878292.377382
868999.922394
876415.878381
869046.085122
877288.63491
876446.605631
869046.085122
869046.085122
876415.878381
876415.878381
877288.63491
878266.289706
