60
68
61
89
60
83
35
53
61
144
28
70
81
66
69
56
77
62
61
49
144
70
65
56
51
54
59
81
54
73
59
62
61
61
83
55
76
39
60
83
61
84
59
69
48
56
76
58
56
181
65
151
61
65
71
50
28
95
69
109
55
33
50
69
69
62
75
40
60
64
68
65
64
79
69
52
46
117
87
41
122
50
77
30
164
94
62
69
184
76
50
160
61
59
45
51
57
63
66
83
73
79
147
164
68
83
68
56
59
115
141
56
51
51
124
63
26
63
47
57
51
60
50
64
80
145
37
62
53
69
41
77
73
103
30
60
54
56
53
63
63
60
62
67
78
61
77
45
73
39
56
38
67
60
64
54
62
59
74
58
58
65
28
65
65
66
79
51
51
76
62
43
62
50
108
88
49
44
90
65
90
33
60
91
55
68
35
62
62
63
54
62
55
68
58
67
106
75
58
59
59
122
69
64
62
35
38
48
32
72
73
132
82
59
130
60
58
66
61
56
65
69
55
27
61
72
63
54
55
71
45
62
62
72
61
66
31
30
61
39
923
57
71
159
90
88
76
79
65
61
53
44
89
62
59
39
41
47
62
57
60
63
47
34
45
34
144
29
76
180
105
87
49
153
63
52
160
138
144
135
51
165
59
106
74
84
54
68
65
57
68
51
27
64
170
75
72
55
77
46
69
72
66
57
87
80
60
75
66
50
88
58
59
72
51
65
53
50
150
64
55
75
71
55
56
142
62
49
46
62
106
64
44
29
69
42
79
45
172
35
68
51
55
123
80
48
64
62
74
170
121
108
65
61
67
74
162
148
34
150
59
70
183
61
83
177
26
62
71
63
60
63
60
47
64
54
50
55
72
63
59
106
54
50
59
64
50
77
115
67
28
60
62
