9
12
12
13
15
15
16
16
16
17
16
18
17
20
22
22
23
23
24
24
50
25
27
27
28
30
32
34
34
35
33
35
37
38
39
39
40
41
42
43
43
45
46
47
47
49
50
50
52
56
56
57
57
57
60
63
65
66
66
67
68
11
73
80
18
81
83
10
19
87
90
20
90
23
30
31
97
23
98
32
12
32
19
13
31
110
44
25
31
112
115
51
27
116
38
33
117
32
122
120
123
124
128
24
12
28
131
26
60
132
41
61
70
18
64
30
138
143
144
30
30
51
151
36
30
154
59
63
53
76
67
23
165
35
18
168
169
69
171
77
79
172
176
109
37
28
174
19
178
44
23
50
10
99
19
56
21
43
122
54
23
15
56
19
203
55
110
127
33
36
46
57
45
70
25
95
128
19
28
18
29
84
88
34
217
133
45
62
55
111
43
157
155
31
158
26
28
13
19
132
15
39
79
16
12
15
29
45
87
61
43
126
11
15
44
25
56
43
110
23
15
76
30
91
171
112
168
10
21
30
56
29
16
37
21
21
11
285
12
108
24
37
33
35
74
181
22
47
25
135
74
36
10
26
44
11
47
70
160
30
41
142
20
131
23
47
