1467306.36592
1433555.22671
1467997.88861
1419767.38567
1473656.6637
1474659.63653
1402071.83387
1406407.29202
1460697.41191
1416847.98422
1439310.39528
1462541.28672
1470254.18269
1416134.08932
1419945.83655
1468073.90443
1441607.14664
1472869.33682
1450340.31793
1472336.66468
1472768.66476
1414007.73694
1463738.84467
1473367.395
1459773.93665
1430173.43224
1474032.97677
1467871.25697
1473252.15221
1468068.14418
1473312.00069
1419691.39724
1419910.49421
1473661.54548
1473315.65312
1471462.22248
1420722.51544
1473316.47145
1472873.2352
1474646.8935
1471588.4119
1469400.96157
1471439.60816
1471590.15919
1442536.69656
1436594.90564
1413352.91227
1472048.45193
1435786.45478
1473260.80496
1442192.43445
1473570.35852
1473204.73246
1471324.60524
1416476.34488
1471919.0473
1438072.18153
1463738.86654
1472019.73055
1462459.32434
1431071.09473
1471580.8433
1438440.02713
1471950.94934
1419337.1184
1472442.68884
1473924.96623
1416554.30748
1408012.80174
1435142.83214
1431052.81853
1430982.5664
1447077.76863
1419580.58678
1442928.82494
1471213.93655
1471580.71599
1471909.07853
1464889.16527
1435270.08206
1471219.71085
1406152.2621
1472725.57531
1431051.93642
1471695.78121
1438065.24694
1430629.30814
1472222.83627
1471220.23627
1413555.412
1446661.55993
1431389.9775
1408123.73311
1419392.44579
1461008.84807
1473884.78113
1473110.52934
1419502.76857
1436599.50537
1441591.63975
1474604.92257
1429587.17656
1446661.85536
1442520.34831
1408347.95164
1472885.62317
1438421.3601
1470822.09544
1408363.22724
1431005.22983
1473727.19711
1419334.30723
1468070.05831
1471594.05073
1472854.37655
1417822.06831
1473310.82724
1436597.68109
1471259.02484
1463369.95305
1435514.00183
1467851.81919
1419693.28906
1446662.01751
1423291.53719
1474391.05512
1474199.99537
1465387.20481
