1264889.2859179524
1216997.4219943
1238671.500831875
1214724.8639870004
1262334.6546249858
1226172.5211017702
1223006.9252113786
1251640.0929945912
1252941.6751603482
1265279.1449187614
1251640.092334775
1264147.8254360897
1279294.6566356306
1258904.4780830047
1275660.7349738795
1247096.6518941466
1244238.8992892955
1229214.541341591
1240476.244608972
1268601.3822413587
1260025.5425431235
1239868.5583432748
1226233.364786597
1269341.9013386557
1252941.509870696
1258030.4233507682
1272070.1431252342
1274169.5388160166
1275659.895073622
1269341.901458343
1255714.0594863237
1252941.6415622628
1242306.1779156218
1264889.1999783271
1258030.4223280584
1255752.3148334385
1253201.2570224872
1279552.7550651932
1244238.897514643
1258030.4213119326
1263823.606599196
1272010.8369756837
1256944.4586178237
1278214.9088241467
1272004.5111075207
1258030.4233445295
1226434.7179509925
1246842.6001228022
1214726.0457320963
1278215.2257219187
1263242.1003976255
1257668.3241184582
1257668.3242623387
1285013.9936945664
1250245.063573713
1276132.098237845
1256932.674018352
1226672.9601544316
1219224.132445003
1269516.5065010437
1264270.8665160048
1267298.769419361
1273572.596689025
1246955.295399803
1264889.2490788836
1264921.5447142874
1257555.0342497258
1258778.0784247005
1275676.7897855847
1241425.7675636222
1263242.0551274354
1269341.9161840794
1276128.6564127044
1238671.500511707
1226083.6334939543
1215238.4659857152
1275899.512073096
1264147.825420746
1261529.4761791683
1265997.1978939888
1246743.9513255572
1249442.1830217037
1258030.4230801477
1238671.5019386825
1259645.3052210154
1256944.4593678543
1229214.5418050853
1285013.9930285094
1261199.1499791618
1275716.6593647448
1261555.1572360091
1235162.0668315287
1213352.6824044986
1260717.9715406136
1244238.8959784645
1226434.7171151286
1236430.0486223998
1276132.8925199155
1223462.2519792079
1262346.3242546371
1275898.689548471
1264921.516296661
1260717.9715405423
1277544.6385947415
1255714.1354464886
1213352.6825631734
1202427.474672818
1213352.6825043329
1258030.4233523097
1270815.7721604567
1241384.595787527
1259632.1349846656
1263241.1810286301
1226434.717617366
1263823.6063704768
1269341.9014583384
1232291.6155984858
1258034.7840342629
1252183.8648303833
1256925.7630775492
1243139.596888504
1261555.157190814
1232101.3849457407
1264889.2551104382
1263823.6065281958
1275898.343968294
1276061.9925057618
1232818.4593611108
1278212.3847972043
1257555.0327615677
1219224.1324453745
1249442.181904509
1266246.5028459525
1270740.8883702694
1214724.0921030308
1269516.5065014341
1249441.630410448
1270814.8932823772
1266176.2226037548
1258030.4217672243
1276052.4139785732
1247619.2713168173
1271056.9619049986
1231162.102401702
1255714.1354543986
1271632.8380730075
1273490.9746054544
1208693.2620561423
1273489.8158379614
1258419.1152958502
1277544.6384062942
1228743.9864847958
1258148.9317531632
1270815.772160457
1256996.2682413303
1240476.260225706
1226687.424220072
1264147.8254119228
1256953.577634582
1226233.364790625
1218213.2475174316
1264889.2816858282
1274069.077924905
1249667.8623632756
1229253.9182424012
1274169.5366368855
1275899.5134265714
1273490.979292002
1214726.1466419387
1236210.3041658797
1249442.1829884483
1242668.891283277
1273984.2411421966
1250225.941897201
1228728.1456367744
1223462.2534529555
1236430.047950756
1213352.6816219187
1251640.1040081398
1257664.991908302
1252941.5551454376
1261555.1572151557
1220465.0394313557
1242306.192052096
1263008.2740883713
1266893.498747943
1260030.127578359
1277536.4190444548
1235847.4408229538
1232101.3225977856
1273984.2411415714
1277527.873545228
1256888.7349223918
1265997.1967865988
1242526.328955805
1264008.7850552292
1270769.3722689648
1236526.777500846
1226083.633812999
1275899.512771989
1235235.47146792
1272070.1410385442
1266899.5377478166
1249432.2186364508
1226693.633473791
1274087.879852858
1275660.856203334
1267298.777853432
1260717.9715405754
1240476.260222123
1263823.6065993323
1272007.0530963133
1264869.674724794
1275703.4543440747
1272007.0076050092
1229214.5401664309
1263823.5972304733
1270814.8932823737
1260708.342694415
1272430.225350014
1258649.2569291613
1242306.1967644098
1226434.717945105
1272007.058280558
1256944.45905867
1258163.4460547874
1263823.6065984236
1267298.7555596854
1281712.1601674694
1265279.1450637782
1269341.9014584634
1267401.9705833888
1229498.7609126999
1272010.8393023259
1264147.8253315783
1265279.1450832011
1221634.7669448212
1263823.6065993232
1285006.6744641473
1256905.2726643493
1249441.547063823
1276131.3419837744
1285013.9936827337
1244238.8973767478
1257555.0327730605
1273490.9815635127
1249432.2192710624
1267298.7782264003
1258030.4164561592
1236695.9627062012
1228814.5176264541
1213352.6820568396
1251640.1362994611
1240476.260112381
1285013.9936804632
1264889.2867734735
1235847.439712263
1273955.6540622804
1266246.50296995
1226693.3291600074
1258904.4508558097
1259870.973217311
1274090.8033095053
1270749.1980212852
1277544.1894433976
1269341.901176269
