1308603.9393
1257660.27891
1271349.19909
1245863.77621
1304848.65228
1253900.2197
1248080.73312
1296088.16627
1298904.99353
1301891.08725
1296088.16588
1305235.51871
1318229.02886
1300117.59201
1315353.17478
1291834.58833
1285556.13984
1257803.91947
1279351.9739
1313012.32908
1303069.50453
1275793.93427
1253883.57612
1314517.61533
1298904.81562
1289444.78128
1310521.42462
1317341.69785
1315352.27401
1314517.61545
1300803.72598
1298904.95796
1274077.17016
1308603.82398
1289444.77939
1294326.38071
1292773.1016
1320987.01204
1285555.14777
1289444.77841
1296818.30728
1307761.1734
1301107.7198
1317736.9711
1308164.99133
1289444.78127
1253884.99215
1285347.82896
1245865.6269
1317737.30205
1308897.38223
1291838.58612
1291838.5972
1326187.41074
1286010.1516
1315790.82344
1290862.83341
1253797.74056
1247863.52675
1310170.11198
1306498.29349
1308776.1169
1317123.68415
1279801.15655
1308603.89024
1300010.63864
1285255.75698
1300355.73071
1317366.02898
1279054.94155
1308897.33633
1314517.62482
1315589.98361
1271351.08318
1253409.79049
1239039.34971
1317686.33063
1305235.48098
1290134.23134
1301649.33702
1291253.24677
1288446.43246
1289444.78075
1271352.08881
1304996.81979
1301107.74288
1257803.9146
1326187.41196
1305777.55194
1318680.91914
1289612.00392
1273854.26241
1236463.53528
1296267.26854
1285554.89583
1253885.08048
1265920.75702
1315672.09104
1248806.13725
1297562.33784
1317684.86974
1300010.60741
1296267.26854
1319633.50493
1300803.80813
1236463.46677
1231148.44071
1236463.38092
1289444.78128
1304901.34069
1284900.26195
1302107.06391
1308896.43122
1253884.97936
1296818.30281
1314517.61545
1264591.8137
1292092.63496
1286582.01606
1297159.1706
1274965.88443
1289612.00388
1266949.49482
1308603.90111
1296818.303
1317684.36053
1316072.29645
1269240.75917
1317734.70201
1285255.75519
1247863.52674
1288447.40815
1300653.0602
1303935.78382
1245862.75122
1310170.11197
1288184.62325
1304859.55374
1301001.29311
1289444.77942
1318968.30575
1293148.75329
1311865.2638
1262803.99951
1300803.80814
1310549.40095
1312903.43367
1248235.25041
1312972.79044
1299931.18821
1319633.50255
1250424.91265
1303397.71301
1304901.34069
1301055.81577
1279365.73095
1254322.05191
1305235.54125
1290640.78306
1253883.57956
1245892.37265
1308603.93425
1317255.25239
1279907.11543
1270859.57258
1317341.84331
1317686.33261
1312902.92001
1245866.592
1272546.89704
1288446.2306
1287024.49982
1314865.06555
1285830.63391
1250404.40428
1248806.13836
1265919.80207
1236463.29887
1296088.17101
1297953.61797
1298904.86244
1289612.0039
1253776.31059
1274071.37884
1298132.58161
1304501.74399
1303156.64753
1319473.82379
1271073.36996
1266988.03003
1314865.06447
1319291.39498
1299061.44698
1301649.01976
1278306.66835
1296278.76124
1304356.04551
1272762.60091
1253410.00983
1317686.33152
1267844.48336
1310521.64043
1305150.03913
1287545.56101
1254238.58697
1315663.09209
1315353.30385
1308776.12453
1296267.26854
1279365.56829
1296818.3073
1308143.54281
1308583.83359
1317223.453
1307863.78721
1257803.89709
1296818.29877
1304859.55361
1296257.16785
1316197.32535
1306889.49101
1274073.51664
1253884.9694
1308143.54681
1301107.73671
1302627.70376
1296818.30686
1308776.08671
1315630.30559
1301891.12443
1314517.61545
1312114.95817
1259194.76539
1307764.74449
1305235.51122
1301891.11857
1251182.39393
1296818.30731
1326170.07595
1301218.17076
1288385.52456
1315696.01894
1326187.41205
1285555.18721
1285255.75535
1312903.2894
1287545.25286
1308776.12501
1289444.77189
1265949.18856
1267045.06684
1236463.64999
1296088.20353
1279366.54456
1326187.41269
1308603.94105
1271071.51063
1317795.23568
1300653.06035
1254238.3522
1300106.20332
1298128.70257
1315666.48568
1304105.68601
1319632.9743
1314517.61516
