1493880.121174869
1487960.1416906498
1497661.0296321583
1498148.7542887414
1500603.4296049026
1502356.1625785253
1494169.0612788845
1497433.4998794494
1489761.676643932
1496756.7762398415
1494028.4623714692
1496454.3019105655
1490155.188418153
1490960.9384154128
1490691.9442489515
1495133.2586836703
1504432.7607374135
1497366.9190700676
1501431.8852872602
1500961.3174628941
1497113.5369624435
1495273.5583966933
1498796.3542653357
1490230.2254526096
1498529.4773176312
1500095.2904643512
1491992.734102917
1498665.5131859297
1502838.5150105676
1499456.8428899962
1500936.4005270367
1493689.690968588
1488955.8328210483
1493494.836921472
1490049.6864076322
1498932.90692084
1492113.0776583084
1491329.916284738
1494902.606815565
1487578.8963264308
1490564.5816402198
1491027.969982039
1492841.2733127477
1490469.1420149517
1503109.4534266181
1491272.3106273015
1502873.8456832124
1501397.3845884702
1501467.846423019
1494573.8509242681
1493656.4453814623
1499872.839414666
1498260.3967311233
1493863.2299864853
1495672.8042592756
1493982.2257454398
1500238.8882466075
1492241.177749993
1497077.389825467
1494106.5670791264
1498237.4128172835
1489724.6350818954
1496322.5330891241
1498255.16250634
1495634.248449939
1487677.8127392165
1496527.4509872901
1494376.3238459567
1497873.512936728
1496610.2179517169
1501574.6637291864
1495335.0314850567
1503674.067279681
1500867.60643823
1494385.9580955543
1495874.9491018786
1493936.6026857204
1495149.7709477777
1497000.9355195335
1503169.4879035112
1502288.6624113403
1488822.5424545796
1504627.0471007032
1493836.4159708275
1492695.4165560084
1493901.9141782813
1494145.0420850574
1492145.1385612527
1491400.1935252121
1493268.1117058995
1499845.5660452528
1499497.3739340573
1494254.9563048924
1495549.3297299931
1503049.5320570716
1494722.1023792552
1495342.5644676746
1493494.7597613276
1494025.675597543
1502965.7425717998
1495761.5784953872
1499497.9983792412
1491042.1378346614
1496351.8559197376
1487918.1533927997
1502579.422517911
1495483.3688933507
1495286.8051316007
1500865.594537831
1493110.6577574085
1498156.6583047106
1496253.7857050179
1494540.4506828892
1495817.7434747664
1496911.2423702911
1495896.436561625
1499018.36659293
1496529.133259245
1496268.8362060129
1497733.2111781286
1502626.8252305095
1495632.475523482
1498522.0873887737
1494682.1978821699
1497329.0974100437
1499307.5914575553
1501679.2580298267
1494894.6264651446
1499662.326458726
1497643.5287897922
1501215.0324685748
1494522.1817355363
1493791.7955600673
1490427.966122537
1495059.0088997514
1495591.1922692894
1495225.1293975662
1503342.6204910758
1500390.4886607134
1490625.3428027541
1500368.599391217
1498961.2913538702
1500804.4804347309
1500986.0619421494
1501297.7422463999
1490113.9686681232
1489389.44793983
1495840.6051252396
1496426.525573683
1492131.13133601
1490768.6386636053
1499554.2682036995
1502883.6446718676
1493501.2185624947
1500899.1774241545
1500256.8338520993
1486948.8100861888
1500534.3896461693
1493101.9241711374
1497651.617162032
1500531.6883338555
1492643.0191422203
1493430.950144686
1492520.6255623852
1496094.1821413492
1497024.7920145073
1498228.049316239
1501686.7409251546
1499118.3718477685
1495140.2864917954
1499633.339046124
1498872.7836847175
1494205.5551854589
1493412.7236989883
1501943.7076793828
1489543.1355900741
1499162.5972134415
1487599.6887091529
1497947.9669794904
1488548.7955172611
1504112.946111831
1486663.2521995055
1493095.3743380026
1495112.7779928255
1488799.565643752
1497584.684929503
1492662.6520558405
1493380.2290038352
1502105.6510003333
1497557.4320374774
1496558.5223923705
1491540.3724179529
1493563.4234221873
1497492.9330392012
1500538.498566261
1490836.6197054388
1497729.448308813
1496881.9224732574
1497863.3371177
1494999.4621766985
1495383.3537784773
1488177.074564759
1498968.9480659144
1499654.1123744494
1489401.2439840084
1500361.06563868
1503533.462730565
1494419.930785523
1497055.623165287
1492807.839005576
1494375.6560448348
1494838.4416806686
1496087.643163856
1500074.874799644
1501864.7245153976
1499175.5676176446
1500645.8517929018
1495121.7086519664
1495034.370990544
1494751.5261347333
1494503.966765976
1496165.5080705197
1495349.9361740926
1489754.2684738107
1494468.955860293
1501909.311386409
1500070.9406813055
1490754.5594387783
1494518.2892556116
1492683.6404417714
1501077.0253920641
1500952.9879576121
1495698.4978133182
1495923.7980711225
1491046.5790314998
1492199.3315455613
1496266.868504126
1491541.7419661288
1491919.326525437
1502082.0147258015
1496213.2503997404
1499313.225731911
1489236.676792685
1489372.8283144706
1493330.6883899055
1497449.012568769
1493860.5713752268
1501976.197407702
1496587.59854668
1494068.2148615322
1501425.2508881672
1497269.0830380379
1491492.1281536745
1495486.5952844182
1489163.4960326839
1499676.274789633
1501957.9804538314
1496468.6820265464
1502163.902229096
1499078.717022409
1499910.5894152424
1497060.4674438732
1501721.6792498531
1499069.1538050475
1490559.8365926698
1494373.5246156703
1491282.3397063317
1498230.1183048612
1496534.4412027274
1488095.6971718932
1491196.4320145773
1503806.7806738822
1500594.7827066395
1503064.418591588
1501433.5381891294
1500924.6426077678
1496939.2922404562
1493084.102976359
1498692.938579658
1496833.039958472
1493518.1952568197
1499649.5878023873
1495027.66476857
1496085.926119487
1488559.2087155846
1497402.1363952772
1496725.479291477
1500284.556541405
1501182.6187489955
1499650.9171478304
1497132.249713456
1494965.167282187
1492669.3287889394
1504371.3799829986
1489812.2621138433
1496359.0627382728
1497841.4936019944
1491156.6972330615
1493758.9168202325
1496184.6196109354
1488556.470632966
1504360.6094703674
1500571.0278496365
1498272.6438177756
1500688.8059819823
1496428.9002814821
1498271.404769909
1498778.294525877
1501655.44069659
1495028.1709608557
1492999.1121136555
1500630.7497328117
1496530.3336692962
1503236.0104117945
1497378.6399723
1498658.3547593893
1502105.2174421938
1494601.5774483483
1499446.844635553
1496901.2010771849
1502527.4846155408
1497765.4016120522
1502128.0613627608
1502410.81308596
1496966.5341241327
1500196.6050703693
1502158.1883173932
1496020.0824411337
1503150.7239505306
1503062.7679340567
1492764.192910698
1500107.143159278
1502136.7729844379
1497844.2598724333
1500199.2256016422
1492035.7476322164
1494098.7713819074
1497720.9079019693
1499785.1509776234
1501198.9446853783
1493197.7083921228
1494863.9885424646
1494286.4724107157
1504327.2025917782
1497301.0140483016
1502671.5418510365
1496094.7953910509
1491614.0898083993
1494025.7561070158
1502156.9981487873
1500358.928106802
1499132.4432726847
1492746.6579540311
1487243.6373590997
1496261.2073088451
1496983.2706644135
1500820.5413876916
1500168.0600164318
1491387.0975499093
1499768.1045432922
1497945.7018626882
1490795.864450576
1495306.0306883485
1496535.0663432823
1489804.928744842
1494791.7425791253
1493022.6878604048
