37
41
48
53
54
55
57
46
61
49
65
50
50
51
53
72
76
79
62
57
59
60
83
60
69
66
72
72
99
81
86
90
92
87
96
104
38
112
47
114
56
108
50
55
78
53
59
78
89
47
79
159
56
199
62
113
65
60
49
61
54
71
54
51
60
26
124
57
290
220
63
133
120
64
107
101
125
256
139
92
80
91
158
95
235
284
73
267
52
62
50
203
195
309
139
102
54
85
135
105
65
200
67
109
59
69
92
83
79
254
55
41
91
65
111
390
63
42
63
52
141
42
84
401
308
54
81
61
62
81
49
59
33
258
359
66
271
56
85
224
50
74
103
59
362
72
73
131
87
173
76
108
154
51
46
55
336
393
87
47
96
149
236
59
279
535
702
62
85
77
90
79
44
53
67
447
140
303
317
375
146
39
98
130
574
61
233
175
89
51
139
692
48
133
79
157
133
50
65
44
130
102
131
46
48
54
57
169
44
103
305
99
93
78
86
54
45
385
183
358
76
68
96
59
39
117
74
90
99
105
84
79
68
245
60
84
592
54
107
45
372
54
99
77
62
70
111
98
70
659
50
123
382
71
540
78
66
177
59
111
69
71
166
190
788
252
83
549
55
66
62
92
55
62
113
60
47
214
47
114
75
70
623
64
85
151
84
46
237
49
239
726
43
160
74
80
56
80
275
50
344
170
630
221
91
88
75
47
53
58
99
142
74
79
56
102
709
57
55
801
48
147
73
124
50
56
69
667
74
75
86
104
66
52
93
56
121
51
96
114
111
57
329
74
178
99
47
176
78
57
54
216
43
38
51
50
59
299
256
61
106
206
175
76
40
71
436
