1248926.929577071
1255534.6766534871
1236850.4555467963
1255534.7429491978
1239979.0129068976
1237146.441802111
1268136.5429547937
1271709.8054945224
1271710.0475120624
1256212.1162036792
1256212.5303529855
1264331.6605080925
1252794.6324661048
1254601.4268296137
1237146.441712074
1240608.6381489758
1237146.4418462259
1256204.526668263
1268131.6360276937
1255534.677059904
1245343.3846569217
1236831.642338555
1240608.6392005053
1271235.9896632622
1275816.0805267864
1245592.9829431232
1270236.7211017513
1268032.1024445985
1274466.227246584
1248871.5633032415
1273224.0438034134
1256212.0635868262
1271710.0319519155
1275977.0424938914
1271710.0275879623
1268032.1026233349
1256211.0466319586
1254909.2570725407
1274217.6099657957
1269538.1569817762
1254476.394681451
1247065.9085690987
1263629.0518710942
1272989.876331486
1269538.156861632
1268137.88816399
1254476.394918855
1274466.2272268974
1264331.6605488295
1276227.4434788385
1276006.4811423274
1255534.1680667563
1275816.0800530242
1274418.4155797274
1275976.903799802
1262821.9084615011
1265878.229061744
1239563.5121155102
1240173.2346242636
1240173.2125617983
1272435.1939803232
1262564.5246060134
1270227.9485745425
1248934.6507381448
1240608.639977
1257963.08218149
1239979.0129138683
1256198.2242046804
1273419.3354122161
1263629.0628460853
1274217.6100464195
1275977.040118494
1272517.7123633127
1280183.7095750356
1251698.031568781
1236831.6632936727
1272517.7095315068
1275977.038697715
1275977.0407000103
1269591.71281249
1272989.7546043186
1254909.2561661578
1258555.1567868798
1248871.5619689147
1272989.878015113
1254476.394867741
1263695.3958523534
1250364.160396808
1259296.8834733455
1248934.650701843
1235943.950585999
1256212.174071508
1275743.5063048296
1254476.394542669
1276387.9860204903
1268137.887309764
1240173.3782669515
1261923.6464804907
1269538.1559029075
1271709.9860227392
1265878.2273941142
1271710.0419027861
1271710.0440868794
1250364.156540317
1261528.2555382852
1251809.4378154844
1265862.013448761
1265862.0134358166
1258967.9520431347
1254601.4270633545
1262294.5676937732
1267834.003613519
1263629.0628078864
1262600.3436988532
1256308.0105156535
1237146.441887114
1256212.5316753045
1268032.1026281319
1269538.1544810876
1246770.4148466785
1276006.44918719
1254476.3949139717
1250364.1584905665
1260107.660355009
1245343.3846516688
1248295.4468555038
1258842.897029272
1267848.1508760205
1253769.5701646497
1265131.2441904065
1240173.2404629537
1240173.212212858
1256212.478511413
1254601.425086056
1273984.2593595837
1248934.651082068
1247065.9085889843
1259296.889345098
1236604.819294936
1265862.013401484
1235943.9463266144
1245592.9557537518
1261455.879084841
1254476.3948512282
1258555.156231137
1275369.089894706
1254907.3088812954
1258015.273000669
