1289171.63628
1295044.36142
1273315.47384
1295044.4342
1279462.42936
1273726.58386
1308647.60866
1306288.90994
1306287.04103
1296362.05553
1296362.48826
1308262.77587
1289794.15803
1288540.75033
1273726.58375
1283243.35202
1273726.58392
1296353.85719
1312483.24826
1295044.36186
1281936.78513
1273204.14735
1283243.35299
1312243.8062
1315318.96769
1283678.86967
1310933.55915
1309345.10438
1316105.87565
1285674.9428
1313959.97395
1296362.00015
1306288.25677
1315830.88083
1306288.04785
1309345.10452
1296360.93669
1294040.50845
1320347.22757
1308407.42008
1292303.48266
1283941.74112
1302715.35608
1314144.72644
1308407.42031
1308649.06254
1292303.41319
1316105.87858
1308262.77595
1313658.04483
1313527.35242
1295043.81858
1315318.96987
1311942.00726
1315830.99755
1296913.61092
1305355.07176
1282040.59735
1283235.55655
1283235.54048
1308922.96067
1309953.35646
1310923.44944
1289180.71422
1283243.35371
1298759.90217
1279461.72028
1296347.05743
1312898.92593
1302712.99
1320347.22779
1315830.91214
1313123.75564
1319281.29349
1291079.88489
1273204.17029
1313123.75295
1315831.37536
1315830.95511
1305591.87092
1314142.80398
1294040.50755
1296722.33745
1285674.93498
1314144.19078
1292303.64305
1301132.52644
1281618.32919
1299888.54935
1289180.71434
1272728.02953
1296362.11396
1315248.85946
1292302.79541
1312180.80884
1308649.0616
1283235.67409
1299692.66824
1308407.37715
1306285.43498
1305355.07045
1306286.38559
1306287.58522
1281618.30954
1298525.82272
1285646.99143
1313867.3423
1313867.34228
1296945.71428
1288540.76362
1301725.4587
1308103.60903
1302713.21217
1302020.71408
1294091.53804
1273726.58396
1296362.48952
1309345.10452
1308407.40827
1282899.88311
1313527.33195
1292303.46957
1281618.29102
1299423.10843
1281936.78513
1294983.53023
1296015.27832
1308704.09957
1296332.93092
1300969.0206
1283235.56557
1283235.54019
1296362.43405
1288540.78233
1314853.6965
1289180.71465
1283941.73771
1299888.55763
1271518.93225
1313867.34224
1272728.02105
1283670.05634
1297238.34546
1292303.69068
1296722.30843
1314964.14494
1294038.68311
1292800.60412
