1409863.9131496556
1388337.1786893134
1410350.9246905264
1375747.0375830722
1416280.4054812521
1416658.7855007292
1355061.920738095
1368502.443056428
1405481.4260442485
1374722.1056013505
1390080.0431212892
1408633.6266692113
1411990.3756938553
1376229.3252011966
1377931.2494974737
1410361.3348590136
1391617.0424469016
1415283.5225534232
1398097.7645919584
1416071.865530771
1415249.6147199513
1372443.6342467156
1403434.648291782
1415016.6400948502
1397867.5894873824
1386049.1980978008
1415776.4508156364
1410110.023998349
1415747.4712207925
1410362.2097515925
1415037.1033344676
1377935.6239413323
1377931.5551788642
1417439.4876242485
1415703.899269185
1412127.118393274
1378606.5426244244
1415703.8326056162
1415283.8668314554
1415664.7720158359
1413316.7534290776
1412474.6113351712
1413900.2502541
1413317.1240363892
1392475.6558990115
1391861.5914640178
1372656.912155319
1412579.7824642637
1387744.2500054822
1416664.8677973072
1392333.2537752804
1415655.2501665708
1416644.0391303203
1413924.1075019094
1375210.6713662392
1414112.9040439425
1392649.0114528153
1403434.5934665748
1413506.3600650982
1408323.8232874158
1386162.8258407803
1414155.7195324993
1391146.4466560853
1413205.9648773838
1377339.7042514894
1416222.2980561275
1416279.6705737696
1375207.2501192677
1370357.91409432
1388843.684264978
1384405.4399983156
1385689.6973836538
1397050.467951394
1377806.9984252425
1388870.1428149175
1413939.6412310721
1414155.7195879146
1413298.3499530135
1410730.7866475924
1388828.5040499908
1413939.715822517
1368154.0482501097
1413885.2856304897
1384405.4384087329
1415302.7765847216
1392649.0702973667
1385561.3728955225
1414194.1858720232
1413939.681815158
1372676.8359264259
1396369.6228253774
1385673.8536681635
1370508.0570050837
1377343.1390031814
1406511.992355033
1415044.9606997548
1414988.4859167791
1377317.4629336286
1391861.571317638
1391808.6222055112
1416356.2321516988
1385369.4661780233
1396380.8605381174
1392478.32702922
1370437.0117096528
1415285.3170392106
1392955.307883314
1413309.2405985359
1370437.2846918807
1386686.0078985826
1416284.682101985
1377339.704923517
1410362.1923188546
1413317.107226112
1415651.068519934
1376786.498044068
1415037.1922881058
1391861.6116462327
1413511.969290024
1408555.7562482934
1389070.7507251508
1410110.8551001693
1377935.6205482578
1396380.8606687023
1379907.4359740966
1415740.4450353319
1415585.1814775942
1408106.260005491
