1286109.0267094078
1278341.6886210605
1279555.20396101
1278341.683966443
1284516.106330155
1283294.656652576
1284262.2909808054
1286109.1354566857
1283956.0541536834
1279555.204019581
1280947.7283757746
1283294.6566717112
1284516.1070517832
1286109.1349327525
1285230.5708497535
1283294.6563062372
1284273.8392760134
1288342.63661845
1288337.4439244114
1278329.836348348
1286115.8515044074
1288343.1965139932
1284516.1044717913
1283963.9027528288
1288342.6367399385
1283963.9026474722
1288337.4439933237
1285236.509490949
1286109.135596205
1286109.1345582108
1288342.3962774437
1279555.2035645703
1283963.902697464
1279317.2210011177
1284516.1065895604
1279317.546753578
1284273.8393678127
1283281.4211431546
1279555.2039581724
1286109.1355990798
1279555.2035953004
1279317.2207618975
1288341.167167586
1283281.4216381612
1286109.13541371
1288343.1963905809
1285236.513440098
1284273.8394088943
1288337.4440461202
1283963.9027866751
1279317.5464337652
1288337.4440176408
1283956.0555421885
1284511.498010624
1284516.1070516554
1279317.2189573015
1288343.1953359852
1283294.6566716058
1286115.855510538
1288343.195282641
1286115.8554095265
1288340.9878140294
1288340.9877802406
1280943.6536038462
1283963.891072033
1288337.443825313
1279555.204025718
1280939.6860646328
1285236.5136375972
1288342.3297214403
1285230.5187289135
1279317.5537343968
1284262.1934414874
1283281.4218629654
1285236.513828624
1285230.5685048348
1283963.9027433968
1284516.1042499312
1285230.5574501236
1288340.9873396398
1283281.4200986072
1283963.9026164724
1280947.7283171813
1279317.552371148
1280939.6875448322
1284273.8394141064
1288337.4440341594
1280947.0033795757
1286115.8080886698
1279317.221171816
1285236.5093621328
1285230.5718273064
1286115.855252018
1284272.7982550517
1284262.2897894618
1279553.8509871417
1283281.4218013086
1285230.5676025436
1288343.196518258
1288343.196487065
1286109.1355939338
1283956.0552762907
1279555.2032037938
1283956.0555229273
1288343.1961918448
1288342.6367156513
1286109.1355817402
1279555.2016367216
1279317.2203658933
1284511.4950046383
1288342.580534595
1288340.9848013092
1284511.495862288
1284516.107039202
1278329.8322883719
1288342.3742355437
1284262.2038324429
1285236.5138432162
1284511.4967071519
1284262.2910314337
1288342.6365991386
1288337.4437006332
1283963.9019127486
1277372.2720314588
1283281.4215900872
1284516.1069471943
1284273.8315371748
1283963.9027680422
1285230.5641330073
1280947.7285140548
1283963.9025579004
1279317.2211272602
1283963.9025218077
1284516.1054594135
1280947.7282445228
1280947.7285424573
1288340.9877807836
1283294.652094207
1277372.27203633
1280947.7280138428
