1324603.69717
1317264.6324
1319351.88671
1317264.55775
1325102.04408
1324175.51677
1322037.23283
1324603.92005
1324451.73546
1319351.8103
1319596.6504
1324175.51372
1325102.00134
1324603.92301
1324172.00911
1324175.5446
1322048.28763
1329364.69271
1329373.22315
1317279.5018
1324610.03055
1329353.55051
1325102.06896
1324436.77733
1329364.68242
1324436.76241
1329373.22312
1324180.05856
1324603.91986
1324603.92662
1329364.44023
1319351.77903
1324436.78511
1318979.45504
1325102.03155
1318983.39533
1322048.30877
1324184.37345
1319351.77327
1324603.92096
1319351.82158
1318979.45751
1329355.87262
1324184.36461
1324603.91713
1329353.5612
1324180.06272
1322048.30839
1329373.2229
1324436.7772
1318983.39371
1329373.22306
1324451.77043
1325115.37853
1325102.00131
1318979.45249
1329353.52406
1324175.51477
1324610.0328
1329353.59796
1324610.03326
1329345.82781
1329345.82512
1319592.29334
1324436.78692
1329373.2229
1319351.83331
1319584.39038
1324180.06266
1329364.35918
1324171.9301
1318983.41346
1322037.12755
1324184.34272
1324180.06256
1324171.98414
1324436.77762
1325102.06428
1324171.97167
1329345.79786
1324184.35749
1324436.75023
1319596.64685
1318983.41202
1319584.407
1322048.31041
1329373.22301
1319595.13345
1324610.07131
1318979.48638
1324180.05798
1324171.97743
1324610.03232
1322072.29924
1322037.20821
1319338.38688
1324184.34556
1324171.98322
1329353.56043
1329353.56595
1324603.92091
1324451.77459
1319351.83805
1324451.771
1329353.57454
1329364.69112
1324603.91869
1319351.86277
1318979.45436
1325115.40234
1329352.93873
1329345.78434
1325115.37309
1325102.00103
1317279.49152
1329364.40981
1322037.14064
1324180.06005
1325115.379
1322037.24062
1329364.69834
1329373.21855
1324436.81564
1316728.96474
1324184.34516
1325102.01399
1322048.29259
1324436.7805
1324171.97894
1319596.66949
1324436.78002
1318979.45517
1324436.79706
1325101.94994
1319596.66717
1319596.66974
1329345.78912
1324175.60445
1316728.94756
1319596.66446
