1362583.9910693057
1368831.604408819
1379652.1078271447
1344759.5722229565
1340276.8586731872
1379652.107881971
1322837.554110796
1352551.7392756396
1339701.0338543507
1362584.0916979294
1339701.0395300123
1374828.5861792357
1347955.4897957896
1363733.592998341
1335717.4124800153
1346601.695817219
1360788.681755162
1344691.7769586032
1335717.4131651788
1335512.7327418835
1348402.9106360828
1366344.737317081
1296647.9804176851
1374300.4637238383
1357938.7317105941
1277536.002656741
1373812.8312587182
1351704.9964012322
1356646.2955254635
1349981.8836545323
1307708.4125983706
1335717.4125872368
1360253.2005560175
1373558.6239179506
1374243.0582977002
1317092.217285832
1350800.5436175542
1367932.4524176777
1379706.7282884163
1345135.8084737228
1376132.1524179578
1362583.9907669092
1339365.2987816618
1348402.9115550483
1362583.9979833392
1345135.7360001898
1372783.7855483014
1349027.565936277
1335717.412586369
1356646.2986316376
1340315.6228744588
1376132.161557729
1331327.5991103835
1308275.5582810729
1331327.5997245882
1340276.8677203786
1359439.864687074
1369592.345253822
1378432.5127051675
1381163.1441029788
1348402.9106581276
1373068.3872681772
1378432.5407046506
1331327.5997311636
1379703.7484740661
1346601.7000833652
1366984.0800125848
1357311.2014750226
1369548.906349429
1361188.397906064
1339465.0094809497
1369592.3452874967
1306940.7149774828
1376702.6793940691
1358069.4709751997
1305664.8911264914
1335722.8348261083
1296055.4470313068
1356986.1940510562
1309313.1636238473
1356951.4182329602
1331327.5997224585
1352551.7432855687
1356986.1941483535
1374483.3298512204
1346601.7155253189
1308673.9724689934
1352649.1432702234
1308275.5466505575
1304918.759799173
1312792.940714565
1331327.5997342817
1353630.888719814
1340276.8650596603
1339701.031342079
1307944.92636299
1371008.7548959267
1340276.8679533976
1322386.4199733993
1335717.4125254313
1332170.8399845264
1353396.4324994646
1356646.2979928444
1310387.6990000664
1376132.1606089184
1342831.8988834198
1373341.0802167777
1381163.144101196
1296645.300043584
1376702.6793944226
1379652.1078795753
1308673.9707189358
1344967.9835493388
1356951.669076981
1356646.298634027
1356986.1909746362
1357938.7303039823
1348402.9069987284
1330717.9358043147
1308675.3270712243
1354154.9149744601
1356020.0116402505
1328299.3790136604
1308161.8545117676
1342831.899031713
1348402.9144979925
1296055.4434313094
1349027.5663866657
1277536.0026025884
1300605.2889247017
1344759.5722075899
1296055.4342117188
1309962.4903085239
1308161.8573815126
1372827.7099393455
1304918.759776275
1374483.90218048
1378428.926426545
1381163.144099184
1349080.1409372138
1335610.7264061426
1376132.1560968368
1358007.2525931143
1359490.6329020995
1362584.0939065316
1362583.9908608864
1361188.3979109474
1308127.3251806211
1365672.0022731377
1345549.4818548635
1335512.732439096
1356019.5663199683
1374483.902180765
1374483.9021807646
1330930.6936562115
1278062.169533693
1373812.8412758282
1335717.4123979004
1345135.8517085079
1345135.8509333425
1361188.3980533269
1355884.4808290086
1370351.2776945743
1307628.0815152926
1359490.6328548614
1296055.435527049
1313238.5357204177
1356646.2985906976
1374723.9920187092
1357223.09011171
1353545.9930095894
1349509.6669345535
1369592.3452342348
1330717.859591748
1308519.1314675626
1361186.526507754
1360253.2005685042
1363749.9224316769
1345135.8517453098
1358142.5586250138
1335512.7328259032
1352800.965444652
1335665.9871575043
1313234.4864617488
1381163.144103303
1359723.9760544787
1363751.1733374237
1340276.8677716414
1362583.2373784995
1362584.093943659
1335434.364098705
1348860.8907157574
1372783.7855482902
1308517.8822077762
1347832.774692147
1354152.884414794
1328344.5896396334
1340276.8642076855
1369548.9063399495
1359109.0833665219
1376132.1616149908
1365358.7611404862
1379705.2268915488
1348402.9079764723
1370222.9181631145
1369875.4691425462
1346601.6966592413
1302164.0433535448
1319810.7159645427
1335722.834074925
1336257.4308167556
1300668.9242296303
1352551.7432855596
1370351.2777888845
1370351.2777925837
1370905.9338693565
1349027.566339158
1344691.7769504313
1354542.522207212
1357938.7314193316
1308675.3268688752
1335512.7327980245
1347439.3479093704
1371218.1149587927
1335665.9864231956
1373812.8291282977
1359101.2981277509
1349509.6666609088
1312801.0151221245
1331327.599735453
1309095.4352934554
1296055.4315687553
1371008.7548962769
1359490.6327673958
1357311.2013660637
1373341.0803183152
1332170.864688453
1356019.566609583
1312637.7332089352
1344967.9835657103
1332767.7624052288
1356986.205009396
1362583.921824933
1317092.2174918712
1307835.6377147462
1371979.5373838528
1369592.3452873116
1359490.6330212913
1360790.9283041768
1356950.6519834676
1261907.4534630217
1369548.6616079696
1302169.1008603508
1352649.1858169632
1319810.715889278
1356646.2986586653
1308275.5583254395
1349027.566412133
1354154.9128363493
1296055.4470313822
1307708.4136962541
1331327.599702641
1332767.625618448
1308275.5580975376
1360772.5826474125
