1379536.5592981752
1379765.2608072644
1397938.8797979017
1411117.855756931
1379536.430631768
1409165.0854669297
1406335.5184109863
1370002.7984748653
1415100.1565371181
1412658.3964548437
1405487.1268447833
1397938.8798638494
1397938.8798065246
1413542.8630304653
1407376.6429945072
1371131.8604726996
1368204.0893103306
1395267.7997790559
1414107.8615015307
1370002.2291119169
1413542.275000528
1412122.3805908093
1413345.4626729062
1409853.438007857
1405885.1770738084
1372971.1437431856
1409448.4004172506
1412122.3819118675
1403687.1069396967
1411752.7277575014
1414107.8617809305
1412122.3814945593
1379759.550380254
1397080.0835375644
1389061.992052381
1414107.8614597786
1413345.4632131208
1411932.1831163394
1400362.0355403982
1412658.3947425948
1412122.3818398179
1374987.0671946758
1420356.245794297
1403324.2854259792
1412122.3815009776
1394695.946689145
1376394.7947754466
1412122.381803338
1424118.8420980994
1402439.4618287322
1379983.7882861674
1405486.812327744
1425930.1078157115
1385999.9176042387
1403252.9094012694
1415100.1567194841
1395055.2021068935
1412011.7169438705
1403687.1127655646
1402586.7453691524
1399819.567288239
1397061.4793650277
1415467.9616191573
1400603.3305803263
1412755.1468074943
1402888.068896089
1396925.020068688
1415467.9954887095
1409853.4526273739
1415467.0394078586
1428351.7311277087
1428351.7311276933
1420522.2640727593
1414107.8613941094
1415100.1566390283
1397080.084616096
1402449.6918931194
1420586.429976591
1412755.146999238
1409165.087081326
1370001.2683715879
1400568.9176562915
1402439.4617441075
1402449.69212871
1412011.716115445
1412755.1469043905
1394224.1378454366
1415467.9915382082
1406833.2614175149
1403252.9415373967
1403324.2852115105
1402730.6440541686
1428351.7310748054
1374277.4460741335
1395267.7864695012
1400603.330591935
1413345.4643854676
1414107.8618401426
1390708.3658198677
1403571.9162646849
1397938.879821814
1379863.2960989543
1414107.8618003034
1412122.3814971172
1378800.7300379758
1408961.7761863524
1413345.4645835662
1412233.376393429
1403548.033804423
1404595.0800229942
1417335.0034783175
1405878.9516814891
1417251.4610529745
1420352.8555426025
1402439.4578824968
1371131.7968505432
1399824.916127376
1374328.552156467
1404979.1696340102
1380036.8658726255
1396925.0194923987
1397080.0846164022
1395704.667321259
1390708.3658931481
1379983.7882871365
1417251.4624475169
1394224.1374854122
1412658.4100249324
1395826.4613085906
1404375.7248960752
1411422.6588646064
1371201.8635115982
1415100.1567748783
1397938.879531125
1402439.462816348
1371590.9117915656
1399228.2088537146
1409719.68510719
1412122.372574882
1397938.8798183748
1392644.9665479476
1378800.728649049
1387592.4588245843
1387080.9830517732
1399824.8888702265
1403214.1196924585
1397252.6388101534
1409853.4460125084
1412122.3804426307
1398886.137489468
1379759.5521106503
1374986.9494938948
1402586.7453816223
1402233.97893408
1417251.4624527523
1404794.2743578695
1400362.035590315
1389826.2490415561
1415100.1567975548
1397080.0846102682
1379536.3664142361
1409719.681684854
1400568.9179373076
1400774.4195947007
1404597.1734540598
1376731.0403681577
1380036.8653286335
1420356.2457782514
1397938.8797596553
1402449.6920932
1428351.7311280384
1386869.063857726
1380036.8383222697
1403245.57431198
1412237.976935622
1411753.0482238214
1412658.4096577603
1412755.1468639649
1397938.8798632761
1369992.508498565
1411422.6588613002
1410099.1837654528
1409165.0877855108
1397812.0465389087
1407040.6372287336
1411303.2208971682
1403548.0683050267
1405690.306903698
1415467.919982783
1402888.1039733482
1408053.4477945785
1382193.1392953717
1380444.685159038
1397938.879813167
1412122.3819822255
1421615.0560105764
1404732.5476746582
1409165.0878329477
1408006.4726389747
1415467.9959646906
1387144.687329619
1403304.7997555265
1370000.0744301376
1428351.7310972393
1420525.288101638
1392273.0555517464
1376394.7945755292
1385999.9052028463
1402449.692060624
1425431.0201947617
1405487.1147749184
1379863.1971262845
1399824.8677706262
1411422.6588629987
1407499.3033803445
1420525.2881016398
1378278.6814843833
1413167.6591799308
1414107.8618630264
1412649.156358627
1428351.731099502
1407376.643684816
1415466.9040491562
1411422.6588630397
1397080.0846148639
1395704.6521901197
1395055.2031621267
1414107.861840647
1409448.4016463696
1402586.7453792475
1376708.2205168132
1413675.1218819697
1380036.867577283
1413345.464577719
1397080.0846166566
1407376.1480175485
1397080.084616223
1408053.4445153412
1407100.0598370912
1428351.729797632
1420525.2881016396
1395826.4603740508
1392273.0557271843
1411006.0096632387
1392273.0489807758
1402439.463248704
1370002.2498729841
1378800.7291844038
1374987.0734856434
1403324.2853992078
1406889.377016663
1425431.0227360723
1389826.2884709244
1425899.5839174895
1404058.0576584016
1395704.6702548072
1405878.9516743848
1411422.6588639359
1398860.4035918054
1411969.1962095662
1410525.3639623073
1406441.962990301
1396631.708839115
1415402.086986456
1415402.123339023
1411117.8558814423
1403136.385242147
1412122.381800466
1400774.4176230305
1412122.3819466557
1400774.4195177334
1412122.3819089425
1397812.0470057772
1400774.4141855666
1400568.917927713
1403742.9260823226
1385609.6338546453
1374987.0746556523
1388707.9250085119
1380255.7574629884
1397061.4815713288
1417077.161559115
1397252.6513523199
1410458.8624920957
1402449.5815012446
1428351.7311261054
1428351.7311263056
1417186.5207884496
1417252.0089895069
1415685.9536890476
1410458.8622635466
1396631.7091205344
1388707.9249897234
1402439.4619165543
1397987.0701419057
1397080.0844076078
1420356.2458029564
1406427.7771399019
1389826.0301422558
1412755.14679135
1395704.6703037787
1414107.861859682
1411422.658774184
1412122.3816775875
1417186.520792222
1412818.7013296229
1412818.7013138414
1403252.9300622856
1399839.3678391557
1417186.4129974712
1412122.3803905246
1380036.861988203
1403687.10667975
1415679.0426567134
1415365.774396597
1392273.0558894172
1410525.3797000006
1408962.1531174057
1396925.0193223078
1403687.1135768543
1406570.0847695572
1414107.8618640858
1404333.3144985351
1413167.663292087
1397812.0465662458
1428351.7311046391
1396631.7078704396
1395704.6698189215
1415467.962190032
1413167.6634099176
1412122.3818216862
1412237.9769679517
1420356.2458020006
1380255.0306762701
1392273.0277462264
1421188.9858021091
1412755.1468176302
1392866.8928226407
1424118.8420283308
1413167.6617893456
1412658.4095892794
1400774.4151970271
1408962.1026751283
1400588.3092178714
1396631.708856932
1395826.4613008609
1428351.7311254279
1374725.2077580597
1412751.8792599174
