1414332.12624
1414576.82669
1433025.0606
1448422.61181
1414332.16718
1437231.83518
1443470.87654
1403271.55353
1443211.20429
1440491.83377
1441350.87048
1433025.06123
1433025.06078
1439471.32351
1435365.1066
1400493.18355
1397302.49609
1432800.27282
1443386.63269
1403268.91178
1451224.63068
1443807.69104
1442099.51979
1443440.84447
1441499.67537
1407555.47759
1436168.81823
1443807.58416
1435714.2004
1440494.97337
1443386.64108
1443807.58408
1414654.41754
1424791.48116
1419225.87
1443386.64931
1442099.34165
1439674.48681
1432686.78129
1440491.83211
1443807.58812
1408634.00222
1446771.46081
1438263.38479
1443807.58087
1432384.16648
1406201.12797
1443807.60715
1453904.49068
1431230.86985
1413020.97458
1441348.16285
1452155.9742
1420249.71011
1434439.46355
1443211.28387
1422234.08058
1439807.27361
1435714.20532
1431348.35452
1432843.59594
1427248.46407
1444770.63801
1433153.97963
1449807.46411
1433182.0239
1424687.26626
1444770.67397
1443440.35309
1444769.92159
1456771.53149
1456771.52639
1446787.23643
1443386.62434
1443211.22332
1424791.45472
1431157.98403
1446920.43954
1449807.46422
1437231.17884
1403269.63009
1425838.15293
1431230.96996
1431157.99343
1439807.53371
1449807.46418
1425768.91853
1444770.70378
1444749.64949
1434317.18798
1438263.46885
1437643.75072
1456771.55278
1409780.40858
1432800.27104
1433153.96487
1442098.65519
1443386.69274
1420854.84613
1431679.19918
1433025.0611
1414607.11047
1443386.65872
1443807.58098
1410095.94995
1445265.68893
1442098.53251
1439919.23915
1437573.04543
1432177.46382
1446711.45807
1432945.9314
1449229.3511
1446669.16378
1431231.3655
1400491.85783
1432785.9862
1409801.16841
1436712.66873
1414802.9158
1424687.29854
1424791.45454
1426287.34515
1420854.87257
1413020.96955
1449230.18496
1425768.9136
1440491.84382
1421637.13782
1435071.91414
1440873.38522
1406041.15153
1443211.22834
1433025.05496
1431230.82298
1403117.47193
1438650.60561
1444532.78782
1443807.69533
1433025.06103
1428414.94885
1410096.01505
1419722.01564
1420051.30633
1432785.48269
1429812.66308
1431507.48155
1443438.86899
1443807.69644
1434857.65682
1414654.41774
1408633.70036
1431348.37437
1432596.18628
1449230.15162
1436063.11149
1432686.91458
1423647.86428
1443211.22585
1424791.46017
1414332.11183
1444533.66572
1425838.1214
1433256.60038
1432144.87006
1410206.24727
1414802.91074
1446771.29698
1433025.05979
1431157.98536
1456771.5279
1416985.12773
1414802.88589
1434899.66515
1436743.01103
1440495.64924
1440491.84813
1449807.46415
1433025.06123
1403260.22611
1440873.38487
1441712.96291
1437231.28852
1433135.98487
1441306.2939
1444926.94082
1437570.67841
1444164.06575
1444770.73027
1433183.10186
1436119.68882
1413757.74265
1414516.15548
1433025.06092
1443807.58872
1446715.25141
1438894.39467
1437231.33756
1445364.64651
1444770.71274
1424118.20986
1436151.45537
1403268.53246
1456771.51189
1446873.87435
1423757.01329
1406197.54291
1420249.76803
1431157.68467
1451776.85757
1441345.99893
1414607.03949
1432786.68135
1440873.38517
1441096.33297
1446873.87448
1416801.35402
1439204.34546
1443386.65096
1440483.10516
1456771.50081
1435365.21857
1444769.81655
1440873.38549
1424791.45477
1426287.54954
1422233.46093
1443386.65475
1436168.95389
1431348.37789
1410013.65773
1439572.12324
1414802.91596
1442098.53602
1424791.45392
1435373.90227
1424791.45469
1436119.65787
1441711.77577
1456771.51544
1446873.87383
1421637.319
1423756.91476
1448563.23072
1423756.66011
1431231.3501
1403269.01737
1410096.03647
1408633.85014
1438263.39245
1441151.65162
1451776.85965
1423644.77232
1452197.15841
1437921.00775
1426287.73319
1432945.93243
1440873.38596
1425648.24245
1438671.51981
1439318.95848
1431207.27467
1423797.11155
1438057.96442
1438058.04141
1448422.61185
1431330.19135
1443807.63255
1433255.56709
1443807.58482
1433256.5363
1443807.55734
1433135.98351
1433256.65037
1425838.15216
1433927.5621
1419881.83237
1408633.83341
1425059.12517
1413121.03233
1427248.46339
1449069.68383
1431507.11776
1437798.9866
1431192.95539
1456771.53886
1456771.53304
1447157.76791
1449230.01449
1439601.06198
1437798.9826
1423797.107
1425059.22949
1431230.96289
1426010.98936
1424791.43779
1446771.73367
1433628.95968
1423640.03714
1449807.4641
1426287.56554
1443386.65034
1440873.39012
1443807.57971
1447157.76792
1440594.1546
1440594.14956
1434395.43204
1435375.50253
1447157.70266
1443807.71931
1414802.91439
1435714.20007
1446118.75785
1444128.40906
1423756.90603
1439319.08426
1445266.20693
1424687.31195
1435714.206
1437964.00154
1443386.65127
1434837.2542
1439235.16075
1433135.98495
1456771.49607
1423797.02517
1426287.59524
1444770.81179
1439235.19467
1443807.60401
1436742.96916
1446771.71775
1413159.87022
1423756.87099
1448549.15034
1449807.46412
1420528.48228
1453904.49065
1439235.05915
1440491.84807
1433256.42934
1445266.14048
1427472.40083
1423797.11608
1421637.50165
1456771.5194
1408530.13938
1449804.3421
