9
10
12
13
14
14
15
15
15
15
15
15
15
16
16
17
17
17
17
18
18
18
19
19
21
21
21
22
22
22
22
23
24
24
24
25
25
25
26
26
26
27
28
28
28
28
28
29
29
32
32
33
34
34
35
36
36
36
36
37
37
38
39
40
41
43
43
44
45
46
46
47
47
48
52
57
61
62
63
63
64
67
70
70
71
73
73
12
76
12
20
20
26
13
90
21
25
10
29
28
22
16
27
18
28
31
25
97
33
32
28
16
101
23
30
102
27
16
25
22
38
23
32
19
34
109
44
13
25
44
26
113
35
47
36
27
117
30
23
47
25
29
60
60
29
52
34
53
18
44
30
15
59
19
134
26
39
135
38
57
8
25
48
73
33
150
21
28
77
72
32
13
9
13
22
19
16
49
72
14
78
37
23
88
166
46
24
27
25
19
29
55
11
57
21
44
32
16
21
28
34
30
12
41
189
29
44
10
105
35
20
14
35
54
57
77
27
35
49
50
30
31
24
19
10
26
37
40
23
43
147
24
38
25
55
23
62
20
18
47
99
73
45
16
13
32
20
24
28
20
54
23
165
19
35
29
58
64
33
36
18
44
10
24
27
31
69
25
27
24
92
25
98
54
16
17
79
44
36
28
26
118
40
22
25
25
28
189
133
51
23
123
53
41
23
43
95
28
140
22
76
31
57
21
137
21
27
40
232
113
12
10
85
26
38
27
19
44
88
62
54
27
65
107
94
27
38
106
35
35
19
27
31
31
13
35
72
29
26
50
27
21
39
50
13
18
67
22
47
