953995.570905
958112.103463
955663.916459
943313.782151
950529.178235
958411.123437
960476.8279
941482.684253
934339.411854
948385.578271
942713.512031
956827.460353
955568.579528
944559.814605
955460.612178
957142.121727
946061.601684
949877.297851
953043.045323
957437.696538
953974.064357
940920.399488
943228.033201
942487.092215
953974.064357
955175.244177
959445.93536
956940.819443
937388.020008
956248.515877
942220.770348
946658.402959
958167.422188
948828.000327
954414.704556
954803.756332
960476.8279
946643.123003
946168.618172
943400.345381
951073.656397
956958.935185
931787.981729
950930.680327
949817.204343
957034.470262
955561.860106
955175.249775
949944.459777
956390.667188
949425.187107
955091.373886
948044.129609
931786.576134
955907.301454
943084.584063
957045.982646
955015.855421
956367.512106
952682.398102
954843.057895
948791.274502
955897.614352
943561.022467
953994.681101
942148.734377
944208.119027
944326.400964
945794.155082
950150.773724
960398.36241
949396.84961
934346.367876
940139.935696
938391.90095
946778.636412
944897.948292
949296.091253
956270.188246
955299.083133
943145.504334
955663.916459
944630.771792
948880.301449
958795.636825
950727.122199
954803.756332
959445.93536
956256.249926
955080.927305
942148.734377
955340.587477
956998.289552
949930.953788
948718.293631
945868.914875
945649.618122
943305.297914
955501.9196
955880.624442
953557.519847
943250.751196
