879245.192813
882602.134351
883793.561797
872482.677635
856233.436097
855414.454433
856902.998735
866168.793375
878764.247353
882556.032112
886315.754861
855449.234681
879657.943699
882101.916829
885509.941596
884549.977305
882889.087484
882138.453793
883061.057226
885829.228919
857276.956052
870831.152652
872880.086064
879245.192813
872880.075999
856902.998735
855373.777682
885777.551826
878916.959367
870128.474924
862871.746155
883537.134163
878434.808435
885777.551826
879444.345394
885818.055997
886315.754861
865421.853922
875440.093708
886084.06405
879529.361431
886084.06405
886304.007553
847527.103723
886084.06405
879245.192813
866130.248536
870128.474924
879444.345394
867925.059427
883715.038652
879529.361431
870831.152652
879532.66665
879532.66665
879444.345394
879245.192813
846404.949105
885272.903576
879444.345394
879005.066281
879657.94364
853876.009948
871984.91159
885829.228918
866140.072895
871984.911267
875238.809311
876833.34037
879529.361431
873079.014607
883793.561797
885834.556029
879657.943698
879529.361431
886084.06405
885598.921482
875238.809311
871984.911581
879053.25014
845871.826713
878926.891486
882519.829624
868326.38069
883793.561797
886040.00921
844979.663701
877761.511757
879242.629996
884994.105906
866129.471421
886084.06405
845730.623451
847519.475612
883793.561797
869638.730945
879242.63012
885829.228804
856758.24667
881990.640203
866129.471421
879444.345394
878764.247353
872877.994903
879657.943471
883096.329895
847527.103724
846290.839142
883793.561797
846995.408852
872880.086064
885509.941596
877467.649788
885777.551826
870831.152652
857276.956052
879005.066281
886315.754861
883537.134163
883715.038652
885834.556029
872880.086064
879657.943696
879444.345394
871184.067948
874771.948018
846290.839142
870831.152652
855800.447411
878834.780037
886304.007553
866129.471417
846876.122484
882889.087484
870831.152652
845730.623451
879657.94357
886084.06405
886304.007553
885829.228902
