911114.95283
959249.599237
912695.175037
937625.234186
914305.723159
911846.467161
957543.021947
941066.389848
955814.618272
958163.517938
937715.991938
935989.080548
953526.344207
959274.315733
935662.915866
935742.388899
959099.990857
954045.996481
957043.041045
933739.907612
939788.893121
935114.843047
958136.837221
957414.139826
959541.001759
912310.67658
957879.954257
935180.760105
937421.97396
956902.59094
959117.204897
915782.104615
958200.010621
956573.734869
954478.307338
955302.642652
915790.948576
955782.636566
956798.76168
957112.24327
959501.263132
914811.641288
954741.17026
937215.27804
928706.038464
949030.53794
958321.438157
955292.447625
959723.985024
952153.621869
958378.766149
901326.468799
914159.298667
928706.038464
931940.512969
899067.290604
931040.711251
915731.098534
954023.350724
957832.292615
914305.723159
914970.114733
956498.476616
916996.534507
915628.559467
915684.572862
953047.844916
909542.851471
959011.453597
958769.851907
958820.20125
898057.202768
958867.995737
954628.999213
957912.826034
953831.451474
957410.303232
928706.038462
958290.420569
958683.282756
959280.868823
958526.990506
915722.449535
941066.389848
959998.056736
957562.533467
959588.299832
935213.297881
933460.332493
957312.004951
959117.204897
953941.865665
899597.078306
937097.068954
925695.30616
935213.297881
940556.960658
948872.911093
939774.380581
916988.772713
957390.661337
