1432810.6463987029
1446586.5700866906
1438501.7355034314
1423001.9811574516
1422712.0996911605
1435054.3732873828
1423001.9829549578
1449671.4200486818
1437412.8089826226
1448436.574748877
1422753.7633419982
1449671.4209734714
1455791.7484520993
1434725.4158746742
1432815.7704125836
1452444.9750017903
1423001.9811697672
1455791.7484170839
1448436.5811933067
1454560.7353765876
1455791.3831372352
1429720.613660974
1450590.014965654
1422696.3399759345
1441041.401177596
1456394.065104321
1422712.1033064378
1429235.3815648889
1461158.1867724431
1446452.5166008298
1446452.5166113467
1441041.4013269248
1447530.9361530584
1449571.9109831825
1421645.5760253132
1439403.6564822856
1451904.388984944
1422714.7134456048
1427759.0898227037
1455791.7485288328
1454560.7336408796
1432433.1196671792
1435460.1895501972
1450808.6880858003
1437213.6628909868
1451106.2657308064
1451508.4388039617
1450808.7075090478
1438801.0380984796
1447560.2478808453
1432244.8118775396
1447162.397233155
1449177.9560559702
1432569.6407030022
1439187.2586591304
1446600.6724328324
1455791.7484185607
1435053.9042850574
1448201.971105361
1441028.6697681977
1444672.421172412
1438501.6427073227
1421645.5769635665
1436806.0962893604
1414499.530811268
1453265.9726028794
1439187.2586596492
1450773.210038622
1423001.9811572814
1455791.7484470184
1454788.4992371828
1435053.311587839
1455791.6342283492
1456394.0653751902
1447560.2488657143
1432815.770383117
1454560.36852632
1443253.7348212765
1426285.894163199
1440939.7181564136
1453265.972301912
1432153.864211825
1425349.847826164
1432433.1214227313
1454560.7402896013
1437136.2837376916
1423001.9811574994
1450663.6941321362
1436806.0953251452
1449671.4172674094
1448436.5605065646
1442359.6270795513
1430438.9791754382
1432244.8143277685
1433350.5046842813
1432433.1193260301
1449229.9822397004
1449229.99087454
1440464.4865391061
1437449.9396499272
1451106.2657308166
1451106.265730811
1432433.1204404288
1426665.4123185354
1441041.4011789472
1441041.3996384272
1425127.5565631827
1432433.1215365878
1440464.4865699902
1436806.1028342152
1441041.3964965995
1444672.4211700344
1427099.5161811027
1431589.6058372855
1425349.847797353
1422714.7134455342
1425827.4270055098
1430252.4096274443
1440939.7164314946
1450803.7389406925
1448219.1481937438
1448202.1429067557
1419131.8616096685
1432432.8199600957
1446452.5166084035
1461158.1732222002
1446452.5166110266
1448218.8216812522
1455791.7483870594
1449177.974137062
1445273.8135442985
1439799.0868071094
1431589.6222717103
1421817.3974088042
1441104.7940900684
1435885.98889007
1430591.871505459
1449177.9862213165
1443835.6234381555
1447560.2488416883
1439403.6651753145
1448436.5626162158
1435949.6366833071
1437102.3125766732
1430438.9785476157
1431589.63086301
1453265.9726145533
1427759.089862797
1449571.858571655
1447547.772565217
1419131.8591149095
1440562.054236765
1440939.7178159843
1448318.6566141874
1458236.7617019794
1448219.166288159
1450773.8103690858
1444538.354855357
1446170.7592609818
1454788.4991001175
1440939.7176776687
1451081.392919506
1433350.5105044835
1450590.014966477
1420030.851073455
1454788.4961819588
1432569.6405964722
1442179.324106583
1448219.148221792
1423001.9811574114
1454365.3542027748
1438501.6535225199
1423001.2632008207
1423001.981157406
1447545.295128756
1448318.5285678646
1429363.7470961208
1427099.2610849203
1430621.0962146993
1455791.7483313556
1439403.5186891877
1440281.9927002478
1422712.0996873733
1444672.4211559894
1455791.7483959706
1422971.0023761457
1437213.6629697315
1420030.8510704816
1432815.7697499713
1441041.3957393244
1449177.9703394903
1449126.0025580467
1430541.5533626147
1442359.6271368752
1430243.8765612144
1435885.9888405972
1448202.1433214087
1447261.9573135132
1454560.7341370436
1443671.7282737605
1444155.1773885335
1432815.770411984
1448436.565820031
1449126.002558847
1445631.8698775957
1443835.6232349132
1430243.160030275
1447162.1898491743
1449571.914292711
