1501497.11453
1511561.76802
1510329.47752
1490953.43203
1490452.66552
1499507.5135
1490953.43392
1516156.37194
1504092.37762
1513232.05094
1490620.80846
1516156.27352
1524497.66983
1499417.04075
1501502.62219
1515226.09905
1490953.43204
1524497.66979
1513232.03888
1518180.51303
1524497.28355
1493604.46942
1516405.61541
1490520.998
1506277.26515
1521709.13258
1490452.66941
1492324.50377
1529512.45956
1512772.59001
1512772.5907
1506277.25566
1509584.30436
1518370.2834
1485020.94535
1506292.28843
1519892.99638
1486146.26125
1491429.59833
1524497.66992
1518179.99864
1497567.90365
1499972.42082
1518542.3654
1502192.7199
1516774.18071
1517799.92523
1518543.34678
1504730.13045
1515049.00148
1495014.72693
1512787.55405
1512817.10823
1495410.4932
1504147.60437
1513077.50661
1524497.66979
1499507.06888
1516674.40185
1506263.78474
1509554.83416
1510329.39234
1485020.94614
1497693.20727
1475588.40352
1515962.5127
1504147.6052
1516193.69642
1490953.43203
1524497.66982
1523775.66766
1499506.39452
1524497.54151
1521709.13825
1515048.99185
1501502.62218
1518180.40623
1505160.56538
1489166.92539
1507777.33172
1515962.51238
1494478.43782
1489159.9567
1497567.95421
1518180.53991
1504782.31716
1490953.43203
1513660.07049
1497693.20321
1516156.70466
1513232.03968
1510232.39455
1494188.69957
1495014.50515
1494339.10056
1497567.89187
1517956.70927
1517957.40193
1507327.11665
1498011.76151
1516774.1803
1516774.18089
1497567.84885
1489632.74345
1506277.26518
1506277.40099
1501947.56499
1497567.86974
1507327.12182
1497693.2271
1506277.55405
1509554.83081
1491736.89486
1495611.36581
1489161.39096
1486146.26125
1488911.44638
1493735.8787
1507777.67417
1518258.38246
1507997.10642
1516674.54705
1481853.39388
1497567.0368
1512772.59153
1529512.52545
1512772.59064
1507996.71905
1524497.66976
1512817.17096
1510055.36208
1504690.67326
1495610.92554
1481516.75481
1508266.04653
1504443.46179
1497850.38052
1512817.1449
1512368.30434
1515048.95779
1506291.53642
1513232.04194
1507696.58637
1500355.99809
1494188.67447
1495610.79342
1515962.51273
1491429.4469
1518371.02294
1510505.89045
1481853.44275
1504920.1877
1507777.94971
1515866.87791
1527437.17222
1507997.13344
1516194.44858
1506680.57219
1513234.19109
1523775.28056
1507777.91374
1516470.04604
1494339.10706
1516405.62917
1482357.32116
1523775.28172
1495410.52672
1506859.18452
1507997.10645
1490953.43203
1521529.81841
1510329.42942
1490952.50998
1490953.43203
1510673.91988
1515865.90441
1498246.41365
1490149.02886
1497466.10685
1524497.66971
1506290.16749
1505526.55125
1490452.66552
1509554.83101
1524497.66977
1490917.09777
1502192.71999
1482357.32436
1501502.62245
1506277.16868
1512817.12422
1512018.42706
1498210.51667
1510232.57392
1497218.24475
1504443.46198
1516674.54747
1512580.46268
1518180.59855
1507967.53211
1506401.19445
1501502.62223
1513232.04554
1512018.42711
1509018.7781
1512368.30304
1497217.46338
1512787.33697
1518370.24858
