8
9
9
9
9
9
10
11
11
11
11
12
12
12
12
13
13
13
13
13
14
14
14
14
14
15
14
15
16
16
16
16
17
17
16
17
18
18
18
19
19
19
19
20
21
21
21
22
22
22
22
22
24
24
24
24
24
8
8
8
26
8
26
26
26
26
27
9
9
9
28
10
10
29
29
11
11
30
11
11
30
31
12
12
12
12
12
13
13
13
13
13
32
13
13
13
14
14
34
14
14
34
14
34
14
14
15
15
35
15
15
15
36
16
16
16
16
17
17
17
17
17
17
17
18
18
18
18
18
18
19
19
19
41
20
20
20
21
21
21
21
22
22
44
22
23
46
46
24
24
24
48
26
26
26
27
28
28
29
30
30
30
30
32
32
33
33
35
66
9
11
14
9
9
10
17
13
78
14
16
14
17
10
15
14
12
9
51
23
10
24
24
24
19
19
16
17
22
18
20
54
13
13
89
89
12
26
23
17
