1468578.88069
1459000.91999
1460516.50574
1464084.8905
1465752.58217
1467390.70395
1467825.88922
1468160.62684
1466210.17132
1465559.26429
1462550.75031
1461166.71946
1457985.98334
1460545.15775
1466246.29764
1468999.79365
1465404.33554
1460349.76036
1469390.79789
1463089.87325
1469074.28631
1457890.30205
1468100.1788
1466132.91347
1470505.76598
1465445.41906
1464186.19537
1464035.9885
1467089.84504
1466979.69696
1456919.60652
1466394.22167
1463090.32149
1461245.98297
1462261.4673
1467851.62093
1459391.37276
1465091.39836
1460634.26657
1467568.93343
1467334.12337
1466019.64499
1466273.72882
1458959.87285
1457451.20283
1466954.06667
1467712.17138
1464605.97091
1462038.01207
1462414.93712
1465385.33115
1467044.91612
1469537.97354
1467708.86857
1468369.70667
1465077.07002
1463345.74037
1461151.85552
1464346.76856
1463170.73639
1464237.62166
1458946.71752
1467335.85509
1460724.33676
1469510.82766
1463784.604
1462722.14996
1462398.18999
1465508.06546
1460665.49212
1463617.16044
1468642.98219
1467766.85604
1469362.40628
1463767.82817
1468630.9711
1462140.27889
1461106.26568
1465152.62484
1469061.99624
1468857.68431
1464726.93902
1465909.98633
1459071.0011
1462470.67214
1467370.41806
1462995.93869
1468037.42951
1463369.25243
1465431.2492
1469817.4112
1464250.96368
1466889.39397
1460724.72041
1465228.43165
1462615.87479
1465044.70404
1462810.80533
1462767.59777
1469860.84082
1467549.12188
1463381.72294
1464094.51845
1464816.90241
1461889.84499
1463650.60286
1462304.49372
1466184.64969
1469128.3101
1466000.60734
1459780.523
1464752.1523
1468290.87137
1466546.06993
1458749.25911
1464529.94447
1466720.91726
1467274.92409
1468031.16937
1470625.14051
1465194.05118
1461974.63194
1464253.24041
1465210.92117
1464939.33414
1465394.57506
1461867.04042
1461345.60785
1464397.24093
1463518.15898
1463124.60142
1468762.55111
1464165.12762
1465991.17764
1464159.98299
1467541.26934
1461978.51852
1466069.08931
1461604.08277
1462511.92425
1469272.00657
1465712.1584
1469005.55665
1466783.02671
1463948.88083
1467667.39303
1467922.68975
1469674.74035
1463076.58758
1468162.40264
1469602.02355
1463659.9264
1467502.56004
1466426.4207
1461748.74626
1469384.40042
1468884.03838
1468431.42589
1463669.40379
1461428.84405
1464209.17899
1466513.13044
1469149.2952
1467167.69772
1460178.66385
1462251.30568
1468188.75364
1467116.38528
1467547.77373
1466398.23427
1465805.84337
1464937.50425
1466835.90377
1465902.58297
1466576.78533
1459934.77429
1462256.13547
1461036.09552
1460989.2261
1465636.75484
1466759.27103
1464934.8007
1467634.99885
1464529.40429
1469872.89974
1468185.51659
1465015.6942
1464409.16768
1464387.10931
1468488.46445
1463664.32014
1459548.79504
1467233.02309
1465544.1154
1465153.02286
1466378.46911
1465641.47739
1463581.35538
1466956.06729
1459626.47566
1469014.14531
1461424.29651
1464995.70587
1468937.02479
1465057.90587
1469674.177
1467760.36884
1466149.48995
1467821.87791
1463262.93097
1465751.69997
1458194.52294
1459281.77575
1466743.4244
1462069.56423
1464762.90043
1468437.42919
1462269.36256
1470381.01397
1467996.92995
1466658.24331
1462295.82291
1463655.43095
1467172.46986
1464787.18949
1461190.04033
1464694.0745
1468081.88792
1468199.23536
1463232.46573
1463160.70804
1462919.35351
1465173.44421
1466922.13371
1463350.23363
