47
49
55
52
55
55
62
62
62
65
66
66
68
69
72
77
85
84
84
85
87
109
112
120
124
135
53
158
160
159
66
176
59
87
91
195
79
191
86
128
120
124
149
235
51
235
59
157
129
98
275
148
64
101
309
191
62
318
315
322
208
101
233
139
118
112
74
87
170
109
56
76
128
103
309
53
217
74
441
137
459
466
59
315
121
58
56
81
203
294
336
259
104
509
95
227
175
68
108
308
51
548
180
461
48
86
104
306
60
59
246
73
61
245
593
63
95
102
66
79
657
660
665
215
78
124
277
131
74
104
73
85
82
87
235
81
614
70
160
120
95
206
58
104
157
72
78
79
71
188
87
177
493
537
87
264
95
61
63
81
111
97
64
68
124
55
81
140
155
99
53
188
150
137
56
278
106
86
593
66
72
74
80
347
154
79
139
333
1021
211
98
75
86
57
92
78
422
288
153
112
111
63
511
61
70
328
115
248
216
102
157
820
63
69
61
309
174
297
105
84
387
67
346
75
177
59
123
85
60
949
216
53
64
383
63
