1411996.9034870549
1403715.6981467437
1410210.516179464
1407627.133059403
1408126.414261777
1408328.8335708785
1408824.1393230075
1409741.1419183572
1407752.5038472754
1412630.8462089207
1406820.6784454128
1408462.447361146
1414234.5678769841
1413452.781717294
1411112.8801578502
1409353.7630264997
1415278.9473485365
1404951.4438136567
1407799.3841003077
1403743.63540862
1411285.6970215484
1413149.9323265906
1407637.545634421
1409424.4270612535
1406523.8755689082
1414711.3297750063
1412876.3130195716
1413110.1187974405
1404142.6274553507
1410833.181145509
1414953.9134485137
1411538.5124324635
1407383.5230148095
1405989.3335931827
1412997.3233280675
1407168.7910839743
1409408.0420859805
1411509.738630365
1409617.1026261472
1411010.8143508025
1404915.9406765841
1410054.8620817985
1413040.9789841317
1404001.548885659
1411385.2832279175
1409235.6114087522
1410066.0227358288
1411321.0725683665
1411109.502783798
1408239.3620920593
1406185.7940893562
1412392.6506272852
1414207.6195796188
1409812.0291329073
1411785.223902788
1412848.7668238494
1409792.8496665792
1407506.6627504784
1407508.127481944
1413954.157815523
1410393.2779975932
1407804.6837874176
1413353.2207334866
1408517.029250573
1410482.9733353432
1408736.0263632424
1410702.5583538616
1410741.3285853427
1409000.3518448777
1409989.051186236
1408574.4567735288
1415097.6938157836
1405682.3632994206
1413389.0003776688
1408022.4130396722
1405680.5800030995
1406978.7080854538
1412932.670515469
1413681.7331994246
1412254.1280558698
1409806.4151271502
1410245.107797527
1407903.137011983
1408001.1212000602
1409533.6090015124
1408047.44811021
1408476.3604504128
1407336.0313301643
1410945.4369215113
1408913.0613873603
1405007.642909542
1411926.5260353303
1408442.759184441
1411368.4551719858
1412605.0790600397
1414058.6739333074
1409408.464732758
1407008.8293920122
1409274.6773680788
1410127.493209244
1409168.4726748366
1403652.6092859101
1410623.37599742
1405002.836992987
1412869.1292122018
1411788.7321746193
1408214.4337020237
1413519.243735371
1413940.1057594344
1410812.8002697774
1410472.2868187476
1407888.5000786674
1409064.5039671483
1410021.632117929
1403436.1749872311
1411674.0969147803
1408134.341851609
1408553.0856601186
1411580.0287407986
1411354.9913644746
1405193.703898355
1410577.5057830494
1413953.3631300747
1410528.2867670404
1406705.2745540326
1408671.1979578228
1407662.868435384
1405584.5426857546
1407338.7831949107
1411399.0030070294
1409909.5327641037
1410719.4810471395
1410404.3884742472
1408151.0191766575
1407466.0467242706
1409514.3757711044
1412467.2932708063
1408686.9544250965
1411742.7759579762
1401225.7883405413
1402476.6837464236
1410146.2236202548
1407961.495758741
1411074.9011724629
1410057.119977408
1412591.919044447
1407616.3075680276
1412813.966088532
1408778.7688881673
1409680.2699878854
1411437.8239869426
1406291.9895695075
1403618.09464186
1404063.06283047
1410166.6074534734
1412064.570841421
