1467696.76862
1460163.10806
1466058.31408
1463892.4043
1463875.78581
1463734.05266
1464128.12239
1466465.65672
1462987.0566
1467995.51132
1462378.22458
1464411.0103
1469732.70084
1468732.28903
1467145.15018
1465334.50744
1470799.97181
1461335.39342
1464511.56072
1460149.88809
1466528.08328
1469266.72923
1464416.77888
1465655.1377
1462515.46365
1470807.90913
1469839.87219
1469027.99678
1460112.38306
1467180.0053
1469944.05654
1467446.14064
1463747.5421
1460671.42122
1468868.29966
1463060.27565
1465450.37532
1467582.22543
1464200.96506
1466756.21649
1459725.53926
1464697.49994
1469423.66306
1460452.84098
1466853.73287
1465019.78756
1466600.79991
1467212.67538
1466310.71433
1463175.98716
1462419.71868
1466202.9346
1469783.78361
1465021.04563
1468034.93821
1468560.2473
1465132.13514
1463229.37903
1464293.67024
1470590.95524
1465756.87283
1462589.66632
1467889.00578
1465590.29104
1467576.84922
1465732.07843
1466722.65338
1466471.35878
1464872.55733
1465853.22628
1464353.47625
1469840.97261
1462930.7485
1469257.95723
1463375.83738
1461610.77101
1463414.57957
1468577.76969
1468416.54317
1468378.42342
1465865.04888
1465446.56966
1463439.22695
1461990.01789
1465445.82313
1464627.57237
1464694.95522
1464038.5665
1465604.67342
1464005.56018
1460331.12152
1466858.40102
1463840.74091
1467962.96924
1468696.11916
1469181.72183
1464811.19389
1461646.8534
1464141.75692
1466528.55954
1464892.7507
1460168.7699
1466319.07374
1461428.89043
1468920.31685
1466950.29997
1464558.99178
1468737.72574
1469229.97466
1466817.51602
1466269.04104
1463720.65974
1463761.20977
1466333.28346
1458413.75375
1466270.08166
1464607.30467
1465237.60307
1467649.02848
1467580.98642
1460706.26865
1465832.454
1469980.79768
1466583.3795
1461476.93351
1463382.4804
1463192.47719
1460940.67284
1462930.91321
1468532.57275
1466841.21482
1466680.05382
1466331.20665
1464891.73613
1463596.17762
1464851.38663
1468497.1728
1464177.30304
1467153.99704
1457873.01537
1458089.50079
1464929.08387
1464123.87776
1466839.02092
1465627.13954
1468081.11889
1462535.52532
1468948.74052
1463843.17138
1464174.43439
1466734.36923
1462855.89487
1459723.85186
1459936.45193
1466688.99466
1466903.64938
