100
84
118
125
126
87
94
89
176
195
201
176
178
256
149
217
130
299
91
70
346
363
283
284
289
304
318
430
76
321
347
229
374
371
381
499
128
380
335
161
266
480
498
119
341
379
749
152
738
530
673
779
268
326
812
412
311
106
664
644
120
886
187
167
130
330
709
115
256
319
688
775
784
722
152
168
154
336
655
130
624
577
215
361
103
271
912
169
572
654
543
638
593
477
1119
485
60
284
477
1422
592
95
746
112
165
361
1198
220
128
178
335
475
567
233
730
753
673
94
791
671
427
491
501
139
651
125
1569
628
269
79
175
735
124
750
555
281
263
214
290
59
980
212
99
752
157
588
541
724
517
468
166
170
1023
202
97
292
