1287938.884342186
1280699.2918217694
1276724.0835068005
1287454.325429401
1284182.646300971
1276724.641344215
1272289.4872830492
1284194.0840740295
1285094.3422781008
1285094.549587618
1285339.0427444247
1281333.4314485746
1287479.782883568
1286579.1817265768
1266900.4143321766
1284438.7537980767
1286997.8708513407
1266900.456785588
1260581.7337746504
1287434.1948871687
1287434.1948812064
1285378.6714541311
1280699.297462692
1285669.312511721
1284374.9869568506
1261890.618224317
1285854.4457891078
1283495.5923259736
1284234.8732270643
1283074.2733984096
1279462.2163802648
1266900.4709532736
1275084.6404211044
1287479.770849496
1266881.275056771
1266900.4552346999
1278302.08778136
1278699.1964226204
1283559.6421630685
1285378.676789661
1278238.1916825806
1262937.183030901
1262937.2023500344
1284554.297968688
1285835.0911802095
1281018.7394954755
1281333.4309134996
1271525.7095369748
1287459.7348293497
1291771.7910619904
1262937.1950738148
1284549.7704922038
1285112.8623852308
1283073.3256382912
1263631.3349734773
1274295.054141024
1283557.922124308
1278699.1966485945
1281333.387087616
1283074.2677807738
1287434.1947170629
1283316.5836024277
1284438.753793872
1284549.778155728
1274290.8601783738
1278317.9638184148
1271976.4118437166
1281316.3967056696
1291783.381245259
1283079.5915342022
1281730.3380899897
1283088.9568775014
1262992.3957759028
1280692.550478973
1287434.1934966666
1285945.6622431446
1284011.606314574
1286579.424032547
1297001.6340031796
1285844.378221846
1282196.8288983307
1262992.393026811
1284589.5298058998
1279744.9734376795
1258787.494662654
1283079.5915569728
1283481.3662383652
1278453.1701778227
1278302.1564754439
1284591.0487158224
1289236.6805703065
1284388.188485076
1287948.3916793505
1284234.8738866146
1281495.2936467489
1279613.4418296444
1279744.9734376795
1263631.3601338658
1297001.5695931758
1284194.1622128307
1278452.96722371
1258245.1022514564
1279744.9734374979
1279611.7791225088
1283088.9571034291
1284483.4745834714
1280699.296743772
1281466.1203165967
1283481.3825719329
1290913.052260849
1281535.6145724552
1285676.1967343744
1284549.693323534
1263637.5999455343
1283687.5059770665
1280699.3025573988
1287459.7943283694
1283316.5436755184
1273953.1705194328
1285676.2012062066
1279613.4325217959
1281006.6985314006
1260581.7311196327
1279462.2196175624
1284031.5924249701
1287479.762087885
1285807.0227519367
1284374.9868934385
1275202.8539685654
1279611.7289668554
1285676.214461199
1286579.4242441345
1287454.3383410033
1278417.2196641434
1290138.032816213
1287832.3498478536
1273958.513437056
1273967.8295140213
1287931.484735077
1279739.917480238
1279613.4369411997
1281535.6189823572
1257505.2571811494
1287833.803882437
1287931.4307920337
1292003.6400721918
1285844.3774430978
1285669.3726053436
1278302.1204353257
1287459.9971540903
1284554.3085449918
1285854.446460834
1262992.3951582944
1281535.6171040745
1295535.5496020697
1281018.753674538
1284194.079923328
1286997.8836496356
1279222.928961996
1290145.1131573971
1281010.0816183086
1287479.7622007167
1273953.1757947165
1290145.1156879393
1278699.1949015772
1283559.6442842209
1283073.3751828761
1285094.5494598679
1283073.6747561789
1257505.2567246808
1280045.8306159007
1274290.860021432
1283073.885273462
1287948.3916793808
1262937.2032739979
1278302.1547037198
1281014.3685711757
1258798.8441265647
1262937.1991733268
1279744.973431502
1262937.203150522
1283557.8746765961
1284537.250320643
1291771.797715244
1286579.4240483867
