1332760.83315
1321850.81714
1315700.30516
1329767.40916
1322505.64403
1315700.98163
1313365.06143
1322506.62049
1328865.87687
1328866.12338
1323991.11218
1323025.41954
1335361.54902
1326838.76988
1309166.08598
1326980.32439
1333013.7352
1309176.2224
1301394.99633
1329761.15851
1329761.15851
1324009.63565
1321850.82541
1327906.3605
1329331.85301
1302099.83696
1330188.18434
1323138.10683
1329739.53771
1329058.53436
1318919.45906
1309180.50454
1315945.14221
1335361.52379
1309107.05751
1309179.32223
1317680.20711
1317671.84596
1323377.18039
1324009.65081
1317835.55061
1301134.49049
1301129.67949
1320562.58635
1330176.10146
1320738.93112
1323025.41872
1314597.16396
1335339.53679
1331728.04301
1301127.56101
1324818.00661
1328846.1328
1329061.72569
1301307.16784
1315155.91089
1323383.82299
1317672.02233
1323025.38728
1329054.48747
1329761.15824
1327190.79385
1326980.32438
1324818.05588
1315153.41189
1320669.53927
1313336.19319
1323012.82866
1331741.79259
1321713.2128
1322875.25512
1330046.5397
1301141.43497
1321848.45026
1329761.15633
1326467.44595
1323087.83998
1326875.01335
1340693.94169
1324044.11979
1324939.9923
1301141.52554
1321973.562
1322354.3447
1300832.00126
1321713.21282
1323135.22693
1321267.91476
1317684.28862
1320572.88121
1332612.68288
1329317.7728
1332769.39086
1329739.53786
1321568.97731
1319328.55784
1322354.3447
1301306.97372
1340693.92624
1322506.72457
1321267.71034
1300500.26835
1322354.3447
1319338.79556
1330046.53981
1326992.80376
1321850.82408
1329194.88039
1331319.27251
1331828.74351
1321569.84064
1327912.30143
1324817.97238
1301292.06856
1322269.31687
1321850.84061
1335339.6048
1327190.74297
1311856.53982
1327912.3078
1319328.55469
1317817.78746
1301394.99357
1318919.4608
1323114.76028
1335361.5107
1324031.79282
1329331.85292
1320456.56647
1319338.71006
1327912.32595
1326875.01374
1329767.42302
1320061.55944
1339038.24763
1328666.26863
1311947.92874
1311953.32001
1332755.10844
1322356.57941
1319328.55204
1321570.2635
1299373.37747
1328567.97541
1332755.05727
1334048.99134
1324044.12033
1327906.44167
1317682.73181
1335339.93427
1320562.97952
1330188.1854
1301142.99093
1321569.89114
1334099.71132
1320738.94292
1322506.61504
1333013.73798
1321558.45534
1339032.86834
1320736.75711
1335361.5109
1311856.27093
1339032.86979
1317671.15253
1323377.18235
1329025.54916
1328866.1233
1329125.66521
1299371.94969
1322348.95293
1315153.71511
1329073.10792
1332769.39085
1301131.55801
1317683.97468
1323100.7537
1301027.60605
1301135.44782
1322354.3447
1301131.02638
1323383.77312
1324808.44743
1331728.04843
1326875.01338
