11
12
12
12
13
13
14
14
14
16
16
16
17
18
18
18
30
19
19
21
21
21
21
22
22
22
23
24
25
25
26
26
26
27
26
28
29
29
29
29
30
30
30
31
32
32
32
33
33
35
35
36
36
36
37
38
40
41
42
42
42
43
45
45
50
50
52
53
55
55
55
58
75
59
59
66
67
69
69
71
76
78
12
11
26
16
12
86
19
25
19
31
15
21
17
115
20
20
36
31
25
104
33
17
105
107
20
30
14
28
27
108
30
39
113
12
50
26
37
52
37
21
34
37
54
51
120
50
121
58
36
31
30
37
27
126
128
27
37
26
41
60
10
19
30
31
37
54
62
56
43
35
29
29
83
89
18
75
71
82
41
41
29
68
61
36
22
13
169
11
33
174
13
29
19
11
22
46
17
104
122
24
28
28
22
10
188
42
33
28
192
57
23
10
23
54
73
12
12
127
50
136
26
137
13
29
37
13
40
87
12
43
26
27
19
27
38
79
154
51
66
36
63
156
231
82
25
82
20
24
62
83
78
83
38
63
45
22
12
24
84
249
89
86
17
38
40
256
27
31
158
93
26
22
97
25
49
184
41
75
17
136
63
42
35
115
19
104
81
114
26
28
134
52
16
109
76
12
33
34
23
27
21
49
127
29
72
105
49
141
42
41
66
43
19
25
21
157
55
