1103574.0587
1098773.39908
1101024.62048
1104131.40548
1106695.10132
1104796.42968
1098328.68085
1098504.15877
1102550.87832
1101288.2323
1098198.24432
1100247.60842
1102345.9821
1106011.76289
1104096.28282
1100416.49891
1096299.21448
1103669.57428
1095378.55937
1104500.30113
1106019.93741
1099371.9642
1106960.85494
1098359.5646
1106677.8015
1099366.90385
1097910.82998
1101824.58646
1098903.26389
1100158.71259
1106807.57274
1103927.59207
1095527.73651
1100283.64175
1095243.29544
1102374.89376
1100356.78656
1097072.19279
1100663.27224
1098348.59553
1099206.60814
1105375.04625
1101679.16301
1106413.48222
1105974.99909
1105229.1577
1103891.4053
1103707.04768
1102531.75619
1107145.87876
1106640.78155
1099118.49113
1105836.8592
1098255.81889
1099326.28324
1104046.39121
1102842.88929
1098942.27176
1095988.68922
1097788.69703
1095955.97296
1097709.96716
1093503.42724
1098531.7552
1097860.46945
1096425.80476
1104323.76395
1099874.64843
1095854.48338
1105201.93358
1103660.60163
1099194.38929
1105424.90731
1106403.54881
1098928.25074
1099937.89845
1097608.80143
1105553.84671
1092223.37602
1097169.6642
1097282.79071
1097648.09968
1099922.85311
1106760.83517
1101314.20389
1106649.55758
1104568.5453
1095218.79359
1106018.77523
1097756.33447
1095710.8507
1107248.95024
1099340.58258
1098240.85927
1103311.3028
1097943.769
1100587.74213
1098849.15126
1100264.25569
1104686.34846
1104775.8069
1097264.16992
1098859.22493
1097671.72459
1100051.58425
1107944.79167
1094319.3955
1099944.31166
1099996.88647
1098569.68301
