# # run number, ti calc, ti opt, aep init calc (kW), aep init opt (kW), aep run calc (kW), aep run opt (kW), run time (s), obj func calls, sens func calls
0.000000000000000000e+00 4.000000000000000000e+00 0.000000000000000000e+00 3.558790564559520483e+08 3.520214638169655204e+08 3.284367318019641638e+08 3.209571069764999747e+08 8.151072459220886230e+02 1.535230000000000000e+05 0.000000000000000000e+00
1.000000000000000000e+00 4.000000000000000000e+00 0.000000000000000000e+00 2.997750635609145164e+08 2.926096797324376106e+08 3.344569928231092691e+08 3.290511901778237224e+08 1.491556717157363892e+03 3.587230000000000000e+05 0.000000000000000000e+00
2.000000000000000000e+00 4.000000000000000000e+00 0.000000000000000000e+00 2.979161356933341026e+08 2.892190375997004509e+08 3.417969543959290981e+08 3.353328279280460477e+08 3.151066559076309204e+03 8.033230000000000000e+05 0.000000000000000000e+00
3.000000000000000000e+00 4.000000000000000000e+00 0.000000000000000000e+00 3.175278213712812662e+08 3.122326410529780388e+08 3.415452616189472675e+08 3.357099553291829824e+08 4.210378362178802490e+03 1.046523000000000000e+06 0.000000000000000000e+00
4.000000000000000000e+00 4.000000000000000000e+00 0.000000000000000000e+00 3.151053724962708950e+08 3.075636805264183283e+08 3.349410404532256126e+08 3.287946745239053965e+08 1.416481245040893555e+03 3.716430000000000000e+05 0.000000000000000000e+00
5.000000000000000000e+00 4.000000000000000000e+00 0.000000000000000000e+00 3.045790089684082270e+08 2.976380753272120357e+08 3.386294640653363466e+08 3.326460922760708332e+08 1.907635499954223633e+03 4.841230000000000000e+05 0.000000000000000000e+00
6.000000000000000000e+00 4.000000000000000000e+00 0.000000000000000000e+00 3.039500937320434451e+08 2.948972559254209995e+08 3.372970306091680527e+08 3.314335752687090039e+08 2.172099864006042480e+03 5.586030000000000000e+05 0.000000000000000000e+00
7.000000000000000000e+00 4.000000000000000000e+00 0.000000000000000000e+00 3.088083283073463440e+08 3.037558804979595542e+08 3.394920517572627664e+08 3.334169351430194378e+08 2.842749353885650635e+03 5.297230000000000000e+05 0.000000000000000000e+00
8.000000000000000000e+00 4.000000000000000000e+00 0.000000000000000000e+00 3.056560028440598845e+08 2.981765950694805980e+08 3.399187572302134633e+08 3.350180984969364405e+08 9.674527133941650391e+03 7.166830000000000000e+05 0.000000000000000000e+00
9.000000000000000000e+00 4.000000000000000000e+00 0.000000000000000000e+00 3.018461646408153176e+08 2.944080513553292751e+08 3.368099980805225968e+08 3.308962667246100903e+08 2.556924299001693726e+03 5.464430000000000000e+05 0.000000000000000000e+00
1.000000000000000000e+01 4.000000000000000000e+00 0.000000000000000000e+00 3.134875080923008919e+08 3.072068183006797433e+08 3.435176496503363848e+08 3.383268598948062658e+08 2.490653730869293213e+03 6.422030000000000000e+05 0.000000000000000000e+00
1.100000000000000000e+01 4.000000000000000000e+00 0.000000000000000000e+00 3.004813244388853312e+08 2.921851307755749226e+08 3.317316196520221233e+08 3.259402649703238010e+08 2.378682930946350098e+03 2.971630000000000000e+05 0.000000000000000000e+00
1.200000000000000000e+01 4.000000000000000000e+00 0.000000000000000000e+00 3.121647969060457945e+08 3.050227658295556307e+08 3.468182057636178136e+08 3.425631872894476652e+08 3.171203125000000000e+03 7.014830000000000000e+05 0.000000000000000000e+00
1.300000000000000000e+01 4.000000000000000000e+00 0.000000000000000000e+00 2.918139227295485735e+08 2.847315468524553180e+08 3.403956689008694887e+08 3.348822991152966022e+08 3.243956432104110718e+03 8.436030000000000000e+05 0.000000000000000000e+00
1.400000000000000000e+01 4.000000000000000000e+00 0.000000000000000000e+00 2.991775857466738820e+08 2.910019659089850187e+08 3.342109069234777689e+08 3.283091570359890461e+08 1.974253265857696533e+03 5.084430000000000000e+05 0.000000000000000000e+00
1.500000000000000000e+01 4.000000000000000000e+00 0.000000000000000000e+00 2.994267241332199574e+08 2.923819192598723769e+08 3.357047449465385079e+08 3.296700125280114412e+08 1.287074527025222778e+03 3.032430000000000000e+05 0.000000000000000000e+00
1.600000000000000000e+01 4.000000000000000000e+00 0.000000000000000000e+00 3.153710563737961650e+08 3.089589944071656466e+08 3.363352467912011147e+08 3.306080903186208606e+08 3.686534677028656006e+03 6.444830000000000000e+05 0.000000000000000000e+00
1.700000000000000000e+01 4.000000000000000000e+00 0.000000000000000000e+00 3.041684669582733512e+08 2.972094520268282890e+08 3.365582072280545831e+08 3.312825562835859060e+08 2.707363161087036133e+03 6.984430000000000000e+05 0.000000000000000000e+00
1.800000000000000000e+01 4.000000000000000000e+00 0.000000000000000000e+00 2.953057712612359524e+08 2.875007803942812681e+08 3.319039695809167624e+08 3.244053758523886204e+08 1.902660686016082764e+03 3.024830000000000000e+05 0.000000000000000000e+00
1.900000000000000000e+01 4.000000000000000000e+00 0.000000000000000000e+00 3.214677222091780901e+08 3.153741923004437685e+08 3.370808667332708836e+08 3.305726979129996896e+08 1.313683207035064697e+03 3.404830000000000000e+05 0.000000000000000000e+00
2.000000000000000000e+01 4.000000000000000000e+00 0.000000000000000000e+00 3.108742766311485767e+08 3.027914982939335704e+08 3.400461565673515201e+08 3.346333085858430266e+08 2.004189478874206543e+03 3.769630000000000000e+05 0.000000000000000000e+00
2.100000000000000000e+01 4.000000000000000000e+00 0.000000000000000000e+00 3.086137870531988740e+08 2.995483535149650574e+08 3.380491422807654142e+08 3.322376065569355488e+08 2.441483666181564331e+03 6.125630000000000000e+05 0.000000000000000000e+00
2.200000000000000000e+01 4.000000000000000000e+00 0.000000000000000000e+00 3.173642529715687633e+08 3.110264269431280494e+08 3.410154474667702913e+08 3.348808146849132776e+08 2.387856954097747803e+03 6.102830000000000000e+05 0.000000000000000000e+00
2.300000000000000000e+01 4.000000000000000000e+00 0.000000000000000000e+00 3.026028403183252215e+08 2.960650183237998486e+08 3.405046151961367130e+08 3.347063418062443137e+08 2.697631033897399902e+03 7.090830000000000000e+05 0.000000000000000000e+00
2.400000000000000000e+01 4.000000000000000000e+00 0.000000000000000000e+00 3.021974463006691933e+08 2.943771378759852648e+08 3.407732467731823921e+08 3.348841875544685125e+08 2.308825927019119263e+03 3.944430000000000000e+05 0.000000000000000000e+00
2.500000000000000000e+01 4.000000000000000000e+00 0.000000000000000000e+00 3.021995542986285090e+08 2.935953753927878737e+08 3.412786239395974278e+08 3.344667831395089030e+08 2.101810747146606445e+03 4.886830000000000000e+05 0.000000000000000000e+00
2.600000000000000000e+01 4.000000000000000000e+00 0.000000000000000000e+00 3.054003456208027601e+08 2.986803402561462522e+08 3.411928662744303942e+08 3.363757202343975306e+08 1.960656875848770142e+03 5.023630000000000000e+05 0.000000000000000000e+00
2.700000000000000000e+01 4.000000000000000000e+00 0.000000000000000000e+00 3.088833207511192560e+08 3.001109415192900896e+08 3.382598491020976305e+08 3.319599543169398308e+08 2.804075646877288818e+03 7.144030000000000000e+05 0.000000000000000000e+00
2.800000000000000000e+01 4.000000000000000000e+00 0.000000000000000000e+00 3.146762994723266959e+08 3.069224672625698447e+08 3.314966565641799569e+08 3.251991395420792699e+08 1.859913583040237427e+03 2.226830000000000000e+05 0.000000000000000000e+00
2.900000000000000000e+01 4.000000000000000000e+00 0.000000000000000000e+00 3.185756895820302963e+08 3.101489271136628985e+08 3.421385215129597783e+08 3.371830828684799075e+08 4.193364917993545532e+03 1.050323000000000000e+06 0.000000000000000000e+00
3.000000000000000000e+01 4.000000000000000000e+00 0.000000000000000000e+00 3.128266326047205329e+08 3.054700626866646409e+08 3.330582889252702594e+08 3.278655851192571521e+08 1.179235915899276733e+03 3.055230000000000000e+05 0.000000000000000000e+00
3.100000000000000000e+01 4.000000000000000000e+00 0.000000000000000000e+00 3.004587976772955656e+08 2.931879996787403226e+08 3.393014916202713251e+08 3.338959984040651917e+08 2.816995213985443115e+03 7.296030000000000000e+05 0.000000000000000000e+00
3.200000000000000000e+01 4.000000000000000000e+00 0.000000000000000000e+00 3.068960941315168142e+08 2.980807565848971605e+08 3.369336938307467699e+08 3.309923143824010491e+08 3.037553142070770264e+03 6.368830000000000000e+05 0.000000000000000000e+00
3.300000000000000000e+01 4.000000000000000000e+00 0.000000000000000000e+00 3.033588585291644931e+08 2.963063553745442033e+08 3.453560616360933185e+08 3.400799363449113965e+08 4.602633945941925049e+03 8.671630000000000000e+05 0.000000000000000000e+00
3.400000000000000000e+01 4.000000000000000000e+00 0.000000000000000000e+00 3.027257427243539691e+08 2.953536904820072651e+08 3.370450569568117261e+08 3.308572273754370213e+08 1.156535300970077515e+03 2.979230000000000000e+05 0.000000000000000000e+00
3.500000000000000000e+01 4.000000000000000000e+00 0.000000000000000000e+00 2.965670931615816355e+08 2.880340296823109984e+08 3.344643992323486805e+08 3.281524572056987286e+08 1.545241074085235596e+03 3.944430000000000000e+05 0.000000000000000000e+00
3.600000000000000000e+01 4.000000000000000000e+00 0.000000000000000000e+00 3.119088500203657746e+08 3.039474654064793587e+08 3.406701380076802373e+08 3.350944328256652951e+08 3.054479439973831177e+03 7.835630000000000000e+05 0.000000000000000000e+00
3.700000000000000000e+01 4.000000000000000000e+00 0.000000000000000000e+00 3.249906823151665926e+08 3.193641081114358306e+08 3.325155832743724585e+08 3.268202966941707134e+08 1.387120817899703979e+03 2.591630000000000000e+05 0.000000000000000000e+00
3.800000000000000000e+01 4.000000000000000000e+00 0.000000000000000000e+00 3.027541126744369864e+08 2.943564419142025709e+08 3.411069375958898664e+08 3.363025549466388822e+08 3.442581194162368774e+03 8.800830000000000000e+05 0.000000000000000000e+00
3.900000000000000000e+01 4.000000000000000000e+00 0.000000000000000000e+00 3.105616982529975176e+08 3.005991174408373237e+08 3.371119534369569421e+08 3.310875210937863588e+08 2.441879299879074097e+03 6.323230000000000000e+05 0.000000000000000000e+00
4.000000000000000000e+01 4.000000000000000000e+00 0.000000000000000000e+00 3.120548698616344333e+08 3.041108136116584539e+08 3.358008007020253539e+08 3.301593671697919965e+08 2.180317039966583252e+03 5.722830000000000000e+05 0.000000000000000000e+00
4.100000000000000000e+01 4.000000000000000000e+00 0.000000000000000000e+00 3.128819472830935717e+08 3.062447156806442142e+08 3.364070080989389420e+08 3.291384822523339391e+08 1.507063266038894653e+03 3.663230000000000000e+05 0.000000000000000000e+00
4.200000000000000000e+01 4.000000000000000000e+00 0.000000000000000000e+00 3.169528559761356711e+08 3.107013671156987548e+08 3.373179887920401692e+08 3.319367411152589321e+08 2.268353853940963745e+03 4.552430000000000000e+05 0.000000000000000000e+00
4.300000000000000000e+01 4.000000000000000000e+00 0.000000000000000000e+00 3.010099366203850508e+08 2.932616188907161355e+08 3.375355407294100523e+08 3.320746681943111420e+08 2.128615560054779053e+03 5.510030000000000000e+05 0.000000000000000000e+00
4.400000000000000000e+01 4.000000000000000000e+00 0.000000000000000000e+00 3.128433792616024017e+08 3.059814251756067276e+08 3.366269514808741808e+08 3.309169150732845068e+08 1.872371832132339478e+03 4.491630000000000000e+05 0.000000000000000000e+00
4.500000000000000000e+01 4.000000000000000000e+00 0.000000000000000000e+00 3.132512908348362446e+08 3.057719921423436999e+08 3.401660865673573017e+08 3.351709120481254458e+08 6.490918991088867188e+03 9.234030000000000000e+05 0.000000000000000000e+00
4.600000000000000000e+01 4.000000000000000000e+00 0.000000000000000000e+00 3.078816927474420071e+08 3.010487496092855334e+08 3.369570684407638907e+08 3.304063789091309309e+08 2.862387601852416992e+03 7.182030000000000000e+05 0.000000000000000000e+00
4.700000000000000000e+01 4.000000000000000000e+00 0.000000000000000000e+00 3.054576361698048115e+08 2.972652645258193612e+08 3.371180074464612603e+08 3.313226690447036624e+08 2.072504939079284668e+03 3.564430000000000000e+05 0.000000000000000000e+00
4.800000000000000000e+01 4.000000000000000000e+00 0.000000000000000000e+00 3.066401294148903489e+08 2.966328079244028330e+08 3.375185682305921316e+08 3.315453830802469850e+08 2.684154382944107056e+03 6.870430000000000000e+05 0.000000000000000000e+00
4.900000000000000000e+01 4.000000000000000000e+00 0.000000000000000000e+00 3.113224036331588030e+08 3.018087698714365959e+08 3.379329168262922168e+08 3.324801470092625618e+08 3.354431762933731079e+03 8.823630000000000000e+05 0.000000000000000000e+00
5.000000000000000000e+01 4.000000000000000000e+00 0.000000000000000000e+00 3.062287507589501143e+08 2.974678537542029023e+08 3.388135541564313769e+08 3.321966875000309348e+08 2.358853552818298340e+03 6.216830000000000000e+05 0.000000000000000000e+00
5.100000000000000000e+01 4.000000000000000000e+00 0.000000000000000000e+00 3.127313497248107791e+08 3.043133417750697732e+08 3.359725780555617809e+08 3.304055863633589149e+08 1.283924777030944824e+03 3.283230000000000000e+05 0.000000000000000000e+00
5.200000000000000000e+01 4.000000000000000000e+00 0.000000000000000000e+00 3.085965557823790312e+08 3.017272231720352173e+08 3.417592996151368022e+08 3.361526766201869249e+08 1.788162841081619263e+03 4.613230000000000000e+05 0.000000000000000000e+00
5.300000000000000000e+01 4.000000000000000000e+00 0.000000000000000000e+00 3.019573984990820885e+08 2.961293879884470105e+08 3.379570475261471272e+08 3.312085856894429326e+08 1.649593168973922729e+03 3.070430000000000000e+05 0.000000000000000000e+00
5.400000000000000000e+01 4.000000000000000000e+00 0.000000000000000000e+00 3.081081379231402874e+08 2.998084352945751548e+08 3.321405510163450837e+08 3.256776974573202133e+08 1.168198693990707397e+03 3.040030000000000000e+05 0.000000000000000000e+00
5.500000000000000000e+01 4.000000000000000000e+00 0.000000000000000000e+00 3.150743049178815484e+08 3.085183395744079947e+08 3.371770093271122575e+08 3.311519250909686685e+08 1.630836711883544922e+03 4.248430000000000000e+05 0.000000000000000000e+00
5.600000000000000000e+01 4.000000000000000000e+00 0.000000000000000000e+00 3.108150372398030162e+08 3.031440370285632610e+08 3.360751639216983914e+08 3.304952670262374878e+08 2.143195559024810791e+03 5.510030000000000000e+05 0.000000000000000000e+00
5.700000000000000000e+01 4.000000000000000000e+00 0.000000000000000000e+00 3.185439081588905454e+08 3.114512772482336760e+08 3.404347743986520767e+08 3.342631502100580931e+08 3.139522727966308594e+03 8.124430000000000000e+05 0.000000000000000000e+00
5.800000000000000000e+01 4.000000000000000000e+00 0.000000000000000000e+00 3.100831385366336703e+08 3.023199198718010783e+08 3.374609237798926830e+08 3.308053311313869953e+08 1.921381757020950317e+03 5.054030000000000000e+05 0.000000000000000000e+00
5.900000000000000000e+01 4.000000000000000000e+00 0.000000000000000000e+00 3.057294171380075812e+08 2.973612492914874554e+08 3.412483351258389354e+08 3.359512145850018263e+08 3.301033674955368042e+03 8.451230000000000000e+05 0.000000000000000000e+00
6.000000000000000000e+01 4.000000000000000000e+00 0.000000000000000000e+00 3.095555059843776226e+08 3.026159723527755737e+08 3.370963126328985691e+08 3.315375166218612194e+08 2.323424293994903564e+03 6.148430000000000000e+05 0.000000000000000000e+00
6.100000000000000000e+01 4.000000000000000000e+00 0.000000000000000000e+00 3.197434134943436384e+08 3.133890715599368215e+08 3.411019746848912835e+08 3.354058604132834077e+08 3.308106310844421387e+03 8.504430000000000000e+05 0.000000000000000000e+00
6.200000000000000000e+01 4.000000000000000000e+00 0.000000000000000000e+00 3.212336939706248641e+08 3.151541464175267220e+08 3.379110839498822689e+08 3.322601966337177753e+08 2.640480015039443970e+03 6.764030000000000000e+05 0.000000000000000000e+00
6.300000000000000000e+01 4.000000000000000000e+00 0.000000000000000000e+00 3.081208907899695039e+08 2.995924461830489635e+08 3.379445585182790756e+08 3.319507615965479016e+08 1.782113402128219604e+03 4.712030000000000000e+05 0.000000000000000000e+00
6.400000000000000000e+01 4.000000000000000000e+00 0.000000000000000000e+00 2.932366726386754513e+08 2.837953761819713116e+08 3.373428154589853287e+08 3.311705712049593925e+08 1.838820147991180420e+03 4.750030000000000000e+05 0.000000000000000000e+00
6.500000000000000000e+01 4.000000000000000000e+00 0.000000000000000000e+00 3.006799801143080592e+08 2.930195023525075316e+08 3.359225159205969572e+08 3.294411709088757038e+08 2.040071542024612427e+03 5.251630000000000000e+05 0.000000000000000000e+00
6.600000000000000000e+01 4.000000000000000000e+00 0.000000000000000000e+00 3.216700619457423091e+08 3.150526652721503973e+08 3.403119989533520341e+08 3.343533692129778266e+08 4.499494969129562378e+03 6.878030000000000000e+05 0.000000000000000000e+00
6.700000000000000000e+01 4.000000000000000000e+00 0.000000000000000000e+00 3.124557925215333104e+08 3.057810356767493486e+08 3.436330354619777799e+08 3.382246779933370948e+08 4.016416010856628418e+03 9.606430000000000000e+05 0.000000000000000000e+00
6.800000000000000000e+01 4.000000000000000000e+00 0.000000000000000000e+00 3.101258795081111789e+08 3.042903397493005991e+08 3.383933819881858826e+08 3.326389744420479536e+08 2.204113081932067871e+03 5.852030000000000000e+05 0.000000000000000000e+00
6.900000000000000000e+01 4.000000000000000000e+00 0.000000000000000000e+00 3.045465349916216135e+08 2.971950191613906622e+08 3.376808594964255095e+08 3.305179919429693222e+08 3.140602567195892334e+03 8.063630000000000000e+05 0.000000000000000000e+00
7.000000000000000000e+01 4.000000000000000000e+00 0.000000000000000000e+00 3.035132529882273078e+08 2.957691753123558760e+08 3.390738508724620938e+08 3.338292270244356990e+08 2.768096098184585571e+03 7.235230000000000000e+05 0.000000000000000000e+00
7.100000000000000000e+01 4.000000000000000000e+00 0.000000000000000000e+00 2.950209378099243641e+08 2.867355767761047482e+08 3.436259434385952950e+08 3.395472114337107539e+08 2.613517642021179199e+03 6.726030000000000000e+05 0.000000000000000000e+00
7.200000000000000000e+01 4.000000000000000000e+00 0.000000000000000000e+00 3.131671292332764268e+08 3.048003159048020244e+08 3.364054185231525302e+08 3.308324190457876921e+08 1.181927272081375122e+03 3.078030000000000000e+05 0.000000000000000000e+00
7.300000000000000000e+01 4.000000000000000000e+00 0.000000000000000000e+00 3.100939823594116569e+08 3.027040024165629148e+08 3.343197249173207283e+08 3.276695141735802293e+08 8.017352561950683594e+02 2.097630000000000000e+05 0.000000000000000000e+00
7.400000000000000000e+01 4.000000000000000000e+00 0.000000000000000000e+00 3.184810942579101920e+08 3.119541726543614864e+08 3.420295374613968730e+08 3.372143383422536254e+08 5.429336779117584229e+03 1.368003000000000000e+06 0.000000000000000000e+00
7.500000000000000000e+01 4.000000000000000000e+00 0.000000000000000000e+00 3.158429658090289235e+08 3.083106121675099134e+08 3.337456814688069820e+08 3.273678581973211765e+08 1.776423523902893066e+03 4.666430000000000000e+05 0.000000000000000000e+00
7.600000000000000000e+01 4.000000000000000000e+00 0.000000000000000000e+00 3.069180484210068583e+08 3.002302404837075472e+08 3.402684729341548681e+08 3.336331516414168477e+08 3.344855978965759277e+03 8.572830000000000000e+05 0.000000000000000000e+00
7.700000000000000000e+01 4.000000000000000000e+00 0.000000000000000000e+00 3.151074150570287108e+08 3.081030134814910889e+08 3.366996370628412962e+08 3.319189933149243593e+08 2.861272772073745728e+03 7.387230000000000000e+05 0.000000000000000000e+00
7.800000000000000000e+01 4.000000000000000000e+00 0.000000000000000000e+00 3.130718386464210153e+08 3.055802315391878486e+08 3.363365352110606432e+08 3.308270500451083779e+08 2.602168144941329956e+03 6.855230000000000000e+05 0.000000000000000000e+00
7.900000000000000000e+01 4.000000000000000000e+00 0.000000000000000000e+00 3.084943573952105045e+08 3.002209719915746450e+08 3.425734401885169744e+08 3.364924756891014576e+08 3.340680442094802856e+03 8.588030000000000000e+05 0.000000000000000000e+00
8.000000000000000000e+01 4.000000000000000000e+00 0.000000000000000000e+00 2.920604679146321416e+08 2.835960857547715902e+08 3.441018833506569862e+08 3.378865710642947555e+08 3.931965779066085815e+03 9.994030000000000000e+05 0.000000000000000000e+00
8.100000000000000000e+01 4.000000000000000000e+00 0.000000000000000000e+00 3.221055031790696383e+08 3.163171215971293449e+08 3.344973770893443227e+08 3.293999043912415504e+08 1.668697710990905762e+03 4.294030000000000000e+05 0.000000000000000000e+00
8.200000000000000000e+01 4.000000000000000000e+00 0.000000000000000000e+00 3.166932342352164388e+08 3.073273529003356099e+08 3.426219013953601718e+08 3.365658336496763229e+08 4.236574491977691650e+03 1.018403000000000000e+06 0.000000000000000000e+00
8.300000000000000000e+01 4.000000000000000000e+00 0.000000000000000000e+00 3.144544011868019700e+08 3.067202593036416173e+08 3.342783896608408689e+08 3.277741452557326555e+08 1.638787765979766846e+03 3.815230000000000000e+05 0.000000000000000000e+00
8.400000000000000000e+01 4.000000000000000000e+00 0.000000000000000000e+00 3.164744804709604383e+08 3.103778148684269786e+08 3.378124534135602713e+08 3.314802539030866623e+08 2.659881037950515747e+03 4.993230000000000000e+05 0.000000000000000000e+00
8.500000000000000000e+01 4.000000000000000000e+00 0.000000000000000000e+00 3.066595954337026477e+08 2.988520318502075076e+08 3.370324472876732349e+08 3.305898476224387288e+08 1.926969047069549561e+03 4.932430000000000000e+05 0.000000000000000000e+00
8.600000000000000000e+01 4.000000000000000000e+00 0.000000000000000000e+00 2.957080459470301270e+08 2.873241364209026098e+08 3.415666979551181197e+08 3.356092806472924948e+08 4.155984762907028198e+03 7.782430000000000000e+05 0.000000000000000000e+00
8.700000000000000000e+01 4.000000000000000000e+00 0.000000000000000000e+00 3.169552387198172808e+08 3.111188606775237918e+08 3.414217468300520778e+08 3.363233729807154536e+08 2.332469006061553955e+03 6.102830000000000000e+05 0.000000000000000000e+00
8.800000000000000000e+01 4.000000000000000000e+00 0.000000000000000000e+00 3.089332069775576591e+08 3.030813683659211993e+08 3.354843967725549936e+08 3.295609238188174963e+08 1.458375021219253540e+03 3.830430000000000000e+05 0.000000000000000000e+00
8.900000000000000000e+01 4.000000000000000000e+00 0.000000000000000000e+00 3.086630741758117080e+08 3.003903029911350012e+08 3.350473203364917040e+08 3.285352883504367471e+08 8.442599670886993408e+02 2.196430000000000000e+05 0.000000000000000000e+00
9.000000000000000000e+01 4.000000000000000000e+00 0.000000000000000000e+00 3.115260653747675419e+08 3.028447472208945155e+08 3.415899965271042585e+08 3.362959609985371828e+08 4.062360221147537231e+03 1.052603000000000000e+06 0.000000000000000000e+00
9.100000000000000000e+01 4.000000000000000000e+00 0.000000000000000000e+00 3.164884512847816348e+08 3.110701243563442826e+08 3.356700608936407566e+08 3.298068310448696017e+08 1.132318307876586914e+03 2.948830000000000000e+05 0.000000000000000000e+00
9.200000000000000000e+01 4.000000000000000000e+00 0.000000000000000000e+00 3.082473008482735753e+08 3.018815868042059541e+08 3.369890487840536833e+08 3.310026006293342113e+08 2.263675785064697266e+03 5.958430000000000000e+05 0.000000000000000000e+00
9.300000000000000000e+01 4.000000000000000000e+00 0.000000000000000000e+00 3.170222377608337998e+08 3.112051054451125860e+08 3.420250070085242987e+08 3.369243818795835972e+08 3.804949836015701294e+03 9.766030000000000000e+05 0.000000000000000000e+00
9.400000000000000000e+01 4.000000000000000000e+00 0.000000000000000000e+00 3.074451061174919605e+08 2.991846468645541668e+08 3.441071349349077344e+08 3.385672389793157578e+08 3.176904688835144043e+03 8.208030000000000000e+05 0.000000000000000000e+00
9.500000000000000000e+01 4.000000000000000000e+00 0.000000000000000000e+00 3.086887674448538423e+08 3.000638461806272864e+08 3.370458921418831944e+08 3.308871664082375765e+08 2.867099436044692993e+03 7.493630000000000000e+05 0.000000000000000000e+00
9.600000000000000000e+01 4.000000000000000000e+00 0.000000000000000000e+00 3.199879144613422751e+08 3.132044997889925241e+08 3.392681629265876412e+08 3.337977222065917850e+08 2.501662603139877319e+03 6.444830000000000000e+05 0.000000000000000000e+00
9.700000000000000000e+01 4.000000000000000000e+00 0.000000000000000000e+00 3.100468047901771665e+08 3.026958524429596663e+08 3.314799509095947146e+08 3.248551863396524191e+08 7.727619318962097168e+02 1.991230000000000000e+05 0.000000000000000000e+00
9.800000000000000000e+01 4.000000000000000000e+00 0.000000000000000000e+00 3.070153624291616678e+08 2.993331397851849794e+08 3.364929112551917434e+08 3.307215298070188761e+08 1.630290637969970703e+03 4.210430000000000000e+05 0.000000000000000000e+00
9.900000000000000000e+01 4.000000000000000000e+00 0.000000000000000000e+00 3.171548554873487949e+08 3.108294948917348981e+08 3.450032777949873805e+08 3.393433978479156494e+08 3.759524250984191895e+03 9.598830000000000000e+05 0.000000000000000000e+00
1.000000000000000000e+02 4.000000000000000000e+00 0.000000000000000000e+00 3.164119938248962760e+08 3.098967815506978035e+08 3.359365015146271586e+08 3.286960727109172344e+08 1.447334132909774780e+03 3.777230000000000000e+05 0.000000000000000000e+00
1.010000000000000000e+02 4.000000000000000000e+00 0.000000000000000000e+00 3.124751707969658375e+08 3.050348045339223742e+08 3.406742082834934592e+08 3.360495450757722855e+08 2.377826017856597900e+03 6.224430000000000000e+05 0.000000000000000000e+00
1.020000000000000000e+02 4.000000000000000000e+00 0.000000000000000000e+00 3.110342183639361262e+08 3.039330191853911877e+08 3.367394337632704973e+08 3.287837616846045256e+08 2.381197770833969116e+03 2.979230000000000000e+05 0.000000000000000000e+00
1.030000000000000000e+02 4.000000000000000000e+00 0.000000000000000000e+00 2.976352371143593788e+08 2.898696568433164954e+08 3.298304710075374246e+08 3.240042974923916459e+08 1.223794159889221191e+03 3.169230000000000000e+05 0.000000000000000000e+00
1.040000000000000000e+02 4.000000000000000000e+00 0.000000000000000000e+00 3.216095344123748541e+08 3.153896021693716645e+08 3.434472095729701519e+08 3.383725802717509866e+08 3.779017956018447876e+03 9.735630000000000000e+05 0.000000000000000000e+00
1.050000000000000000e+02 4.000000000000000000e+00 0.000000000000000000e+00 3.181454259426814318e+08 3.117132227430077195e+08 3.375427759330946207e+08 3.319850076344434619e+08 1.576427896976470947e+03 4.028030000000000000e+05 0.000000000000000000e+00
1.060000000000000000e+02 4.000000000000000000e+00 0.000000000000000000e+00 2.943303226708441377e+08 2.868777536440399885e+08 3.370918874671874046e+08 3.299692727123112679e+08 2.416234462022781372e+03 6.270030000000000000e+05 0.000000000000000000e+00
1.070000000000000000e+02 4.000000000000000000e+00 0.000000000000000000e+00 3.132555495177420974e+08 3.083267177515341043e+08 3.355593358234437108e+08 3.300585071264200211e+08 2.897099392890930176e+03 7.546830000000000000e+05 0.000000000000000000e+00
1.080000000000000000e+02 4.000000000000000000e+00 0.000000000000000000e+00 3.132982558212503791e+08 3.075261389107592702e+08 3.329358227143966556e+08 3.260024568703961372e+08 1.215075078964233398e+03 3.176830000000000000e+05 0.000000000000000000e+00
1.090000000000000000e+02 4.000000000000000000e+00 0.000000000000000000e+00 2.944598954930186868e+08 2.859230488059600592e+08 3.434100082477756143e+08 3.380668064485062361e+08 3.607523869037628174e+03 9.439230000000000000e+05 0.000000000000000000e+00
1.100000000000000000e+02 4.000000000000000000e+00 0.000000000000000000e+00 3.029083138292029500e+08 2.955651003157373071e+08 3.436229419642785192e+08 3.383818900924594998e+08 4.125173758029937744e+03 1.045763000000000000e+06 0.000000000000000000e+00
1.110000000000000000e+02 4.000000000000000000e+00 0.000000000000000000e+00 2.917677973293652534e+08 2.842698716350947022e+08 3.380608173347492218e+08 3.325955610286112428e+08 2.844782462120056152e+03 7.387230000000000000e+05 0.000000000000000000e+00
1.120000000000000000e+02 4.000000000000000000e+00 0.000000000000000000e+00 3.066237094703352451e+08 2.999181310450467467e+08 3.388294879065982699e+08 3.318451022946279049e+08 2.072413316965103149e+03 5.388430000000000000e+05 0.000000000000000000e+00
1.130000000000000000e+02 4.000000000000000000e+00 0.000000000000000000e+00 3.065855007371641994e+08 2.980886410281899571e+08 3.421729574397713542e+08 3.365294376181226373e+08 3.017316503047943115e+03 7.904030000000000000e+05 0.000000000000000000e+00
1.140000000000000000e+02 4.000000000000000000e+00 0.000000000000000000e+00 3.236046672207331061e+08 3.166286869136911631e+08 3.372968260688572526e+08 3.319480584864513874e+08 1.631715711116790771e+03 4.225630000000000000e+05 0.000000000000000000e+00
1.150000000000000000e+02 4.000000000000000000e+00 0.000000000000000000e+00 3.044700580530336499e+08 2.972863685509818792e+08 3.371467836799083352e+08 3.310375005359113812e+08 2.470018392086029053e+03 6.270030000000000000e+05 0.000000000000000000e+00
1.160000000000000000e+02 4.000000000000000000e+00 0.000000000000000000e+00 3.194887066250070333e+08 3.121516733569304347e+08 3.335524415056037307e+08 3.266450580598941445e+08 1.607291793107986450e+03 4.134430000000000000e+05 0.000000000000000000e+00
1.170000000000000000e+02 4.000000000000000000e+00 0.000000000000000000e+00 3.036773734548431635e+08 2.949186876793914437e+08 3.370977916814518571e+08 3.314345682879769802e+08 3.490800791025161743e+03 6.042030000000000000e+05 0.000000000000000000e+00
1.180000000000000000e+02 4.000000000000000000e+00 0.000000000000000000e+00 3.086866115346322656e+08 3.010497640796770453e+08 3.324257471508021951e+08 3.257575173503513336e+08 7.002582211494445801e+02 1.824030000000000000e+05 0.000000000000000000e+00
1.190000000000000000e+02 4.000000000000000000e+00 0.000000000000000000e+00 3.064099135394354463e+08 2.975123014348976016e+08 3.417025613110169172e+08 3.367514376211383939e+08 2.728129874944686890e+03 6.946430000000000000e+05 0.000000000000000000e+00
1.200000000000000000e+02 4.000000000000000000e+00 0.000000000000000000e+00 3.136403389111269116e+08 3.072134894877455235e+08 3.422514098005603552e+08 3.373537950125389695e+08 4.741697428941726685e+03 1.127083000000000000e+06 0.000000000000000000e+00
1.210000000000000000e+02 4.000000000000000000e+00 0.000000000000000000e+00 3.215341855927947760e+08 3.151789384800971746e+08 3.335740674947305918e+08 3.265153518305501342e+08 7.982709960937500000e+02 2.097630000000000000e+05 0.000000000000000000e+00
1.220000000000000000e+02 4.000000000000000000e+00 0.000000000000000000e+00 3.075177314419187307e+08 2.999092340956640840e+08 3.385150710390355587e+08 3.327773573274676800e+08 2.347773967981338501e+03 6.171230000000000000e+05 0.000000000000000000e+00
1.230000000000000000e+02 4.000000000000000000e+00 0.000000000000000000e+00 3.136131146552961469e+08 3.072773287800816894e+08 3.408900308469656110e+08 3.336683050398932099e+08 3.144297045946121216e+03 8.040830000000000000e+05 0.000000000000000000e+00
1.240000000000000000e+02 4.000000000000000000e+00 0.000000000000000000e+00 2.962202393533166051e+08 2.876126359748007655e+08 3.332781780578065515e+08 3.266176498488091230e+08 1.048909716129302979e+03 2.743630000000000000e+05 0.000000000000000000e+00
1.250000000000000000e+02 4.000000000000000000e+00 0.000000000000000000e+00 3.122509312839724422e+08 3.057801187572855949e+08 3.349695437518336773e+08 3.281592953836452365e+08 1.531965715885162354e+03 3.838030000000000000e+05 0.000000000000000000e+00
1.260000000000000000e+02 4.000000000000000000e+00 0.000000000000000000e+00 3.091013773825860620e+08 3.017943133517088294e+08 3.378866471378493905e+08 3.322383119753153324e+08 1.921095585823059082e+03 5.038830000000000000e+05 0.000000000000000000e+00
1.270000000000000000e+02 4.000000000000000000e+00 0.000000000000000000e+00 3.089542666908506751e+08 2.999935836708048582e+08 3.379781839331516027e+08 3.319099171691347957e+08 1.723536829948425293e+03 4.408030000000000000e+05 0.000000000000000000e+00
1.280000000000000000e+02 4.000000000000000000e+00 0.000000000000000000e+00 3.059597925741487145e+08 2.983881008993270397e+08 3.409794256669288874e+08 3.357112592960881591e+08 3.719430225849151611e+03 9.082030000000000000e+05 0.000000000000000000e+00
1.290000000000000000e+02 4.000000000000000000e+00 0.000000000000000000e+00 3.105724697047743797e+08 3.034431559318975806e+08 3.426150609270291924e+08 3.375167264184289575e+08 2.713732924938201904e+03 6.467630000000000000e+05 0.000000000000000000e+00
1.300000000000000000e+02 4.000000000000000000e+00 0.000000000000000000e+00 3.021224137204012871e+08 2.945837105978123546e+08 3.325138339466491938e+08 3.259630571087696552e+08 9.803583669662475586e+02 2.546030000000000000e+05 0.000000000000000000e+00
1.310000000000000000e+02 4.000000000000000000e+00 0.000000000000000000e+00 3.017770622980450988e+08 2.938999949469583035e+08 3.410039930113941431e+08 3.351342718927198052e+08 2.576283957958221436e+03 6.581630000000000000e+05 0.000000000000000000e+00
1.320000000000000000e+02 4.000000000000000000e+00 0.000000000000000000e+00 3.040459258175477982e+08 2.959176062063670158e+08 3.336119331646233201e+08 3.271711374339618683e+08 1.182166040897369385e+03 2.971630000000000000e+05 0.000000000000000000e+00
1.330000000000000000e+02 4.000000000000000000e+00 0.000000000000000000e+00 3.059863293534980416e+08 2.993031304616472721e+08 3.320206272094989419e+08 3.258082282002903819e+08 1.687492413043975830e+03 4.385230000000000000e+05 0.000000000000000000e+00
1.340000000000000000e+02 4.000000000000000000e+00 0.000000000000000000e+00 3.019667241591112018e+08 2.959125077667058110e+08 3.388557396271396279e+08 3.326272587230334282e+08 2.182798926115036011e+03 5.646830000000000000e+05 0.000000000000000000e+00
1.350000000000000000e+02 4.000000000000000000e+00 0.000000000000000000e+00 3.222676683582830429e+08 3.150505954185840487e+08 3.368739546313937306e+08 3.301758283122563362e+08 1.228624001026153564e+03 3.199630000000000000e+05 0.000000000000000000e+00
1.360000000000000000e+02 4.000000000000000000e+00 0.000000000000000000e+00 3.143888579828177691e+08 3.061867353510962725e+08 3.445505820894952416e+08 3.388047460473853946e+08 4.361452185869216919e+03 1.114163000000000000e+06 0.000000000000000000e+00
1.370000000000000000e+02 4.000000000000000000e+00 0.000000000000000000e+00 3.217402616216495037e+08 3.145373137361560464e+08 3.333447851836420894e+08 3.273581466625208855e+08 1.469654903888702393e+03 3.693630000000000000e+05 0.000000000000000000e+00
1.380000000000000000e+02 4.000000000000000000e+00 0.000000000000000000e+00 3.192681659217019081e+08 3.123209308540765047e+08 3.387629079666171670e+08 3.329999996411863565e+08 1.798644426107406616e+03 4.180030000000000000e+05 0.000000000000000000e+00
1.390000000000000000e+02 4.000000000000000000e+00 0.000000000000000000e+00 3.141992205904517770e+08 3.065806340677618980e+08 3.360485378561053872e+08 3.301223186392605305e+08 1.733202558040618896e+03 4.362430000000000000e+05 0.000000000000000000e+00
1.400000000000000000e+02 4.000000000000000000e+00 0.000000000000000000e+00 2.948849359076457024e+08 2.876739115405393243e+08 3.389864035730149150e+08 3.332053109119746089e+08 3.812041442871093750e+03 9.842030000000000000e+05 0.000000000000000000e+00
1.410000000000000000e+02 4.000000000000000000e+00 0.000000000000000000e+00 3.145679522928162217e+08 3.079936436986387968e+08 3.396734186817449927e+08 3.346079771510995030e+08 1.806248754978179932e+03 4.719630000000000000e+05 0.000000000000000000e+00
1.420000000000000000e+02 4.000000000000000000e+00 0.000000000000000000e+00 3.010665232385832071e+08 2.926348764258091450e+08 3.406736544643437862e+08 3.362296221921787858e+08 3.413394068956375122e+03 8.838830000000000000e+05 0.000000000000000000e+00
1.430000000000000000e+02 4.000000000000000000e+00 0.000000000000000000e+00 3.085415037261023521e+08 3.025541168536262512e+08 3.372801199741931558e+08 3.319363136970844269e+08 2.846884451150894165e+03 6.619630000000000000e+05 0.000000000000000000e+00
1.440000000000000000e+02 4.000000000000000000e+00 0.000000000000000000e+00 3.140064688850673437e+08 3.070561986634206176e+08 3.377138353364976048e+08 3.325148293981771469e+08 1.872638585090637207e+03 4.879230000000000000e+05 0.000000000000000000e+00
1.450000000000000000e+02 4.000000000000000000e+00 0.000000000000000000e+00 3.042832454227295518e+08 2.955325860461496115e+08 3.361996671709727049e+08 3.298078606177090406e+08 2.287794939994812012e+03 5.586030000000000000e+05 0.000000000000000000e+00
1.460000000000000000e+02 4.000000000000000000e+00 0.000000000000000000e+00 3.212668919031524658e+08 3.146554953954497576e+08 3.396554910096760988e+08 3.335543146448376179e+08 2.690160084009170532e+03 6.931230000000000000e+05 0.000000000000000000e+00
1.470000000000000000e+02 4.000000000000000000e+00 0.000000000000000000e+00 3.139997096279215813e+08 3.073941495827609301e+08 3.370504552282066345e+08 3.311865462740781307e+08 1.593640403032302856e+03 4.126830000000000000e+05 0.000000000000000000e+00
1.480000000000000000e+02 4.000000000000000000e+00 0.000000000000000000e+00 3.034677449494065642e+08 2.960222219359155893e+08 3.438950896058152318e+08 3.396993558894448876e+08 2.598119722843170166e+03 6.832430000000000000e+05 0.000000000000000000e+00
1.490000000000000000e+02 4.000000000000000000e+00 0.000000000000000000e+00 3.157569292485462427e+08 3.078259948903959990e+08 3.336498714527736902e+08 3.269214629990557432e+08 1.643296736001968384e+03 4.225630000000000000e+05 0.000000000000000000e+00
1.500000000000000000e+02 4.000000000000000000e+00 0.000000000000000000e+00 2.997729590932205915e+08 2.914373141186136603e+08 3.356579577772824168e+08 3.296283397011823654e+08 1.479059609889984131e+03 3.876030000000000000e+05 0.000000000000000000e+00
1.510000000000000000e+02 4.000000000000000000e+00 0.000000000000000000e+00 3.022381357653955817e+08 2.949179410979313254e+08 3.360157539596898556e+08 3.300963317979527712e+08 2.291097282886505127e+03 5.890030000000000000e+05 0.000000000000000000e+00
1.520000000000000000e+02 4.000000000000000000e+00 0.000000000000000000e+00 3.129346435696135163e+08 3.051670944435886145e+08 3.371641726081956625e+08 3.307695706072042584e+08 2.834699574947357178e+03 5.289630000000000000e+05 0.000000000000000000e+00
1.530000000000000000e+02 4.000000000000000000e+00 0.000000000000000000e+00 3.039356771896603703e+08 2.959347865495945215e+08 3.380313631325929761e+08 3.317479689226973057e+08 2.194535392045974731e+03 5.738030000000000000e+05 0.000000000000000000e+00
1.540000000000000000e+02 4.000000000000000000e+00 0.000000000000000000e+00 2.963689393993942142e+08 2.877245484594731927e+08 3.383428050025404096e+08 3.318052957710455656e+08 3.320090657949447632e+03 8.496830000000000000e+05 0.000000000000000000e+00
1.550000000000000000e+02 4.000000000000000000e+00 0.000000000000000000e+00 2.983499013863318563e+08 2.902061396790552139e+08 3.386517831968714595e+08 3.328968344486332536e+08 2.594180442810058594e+03 6.779230000000000000e+05 0.000000000000000000e+00
1.560000000000000000e+02 4.000000000000000000e+00 0.000000000000000000e+00 3.191281010883956552e+08 3.119551248888528347e+08 3.444876093885424733e+08 3.401909921059297323e+08 3.531302062034606934e+03 9.066830000000000000e+05 0.000000000000000000e+00
1.570000000000000000e+02 4.000000000000000000e+00 0.000000000000000000e+00 3.124116732588113546e+08 3.051199158071398735e+08 3.379467126403999329e+08 3.324748664921414852e+08 2.156106644868850708e+03 5.411230000000000000e+05 0.000000000000000000e+00
1.580000000000000000e+02 4.000000000000000000e+00 0.000000000000000000e+00 3.109688614405032992e+08 3.042192120254130960e+08 3.373939946813864112e+08 3.310843873977198005e+08 1.130941363096237183e+03 2.948830000000000000e+05 0.000000000000000000e+00
1.590000000000000000e+02 4.000000000000000000e+00 0.000000000000000000e+00 3.050612705970283747e+08 2.979795673513404727e+08 3.347751959030106664e+08 3.284380598790473938e+08 1.770224749088287354e+03 4.575230000000000000e+05 0.000000000000000000e+00
1.600000000000000000e+02 4.000000000000000000e+00 0.000000000000000000e+00 3.162051706316123605e+08 3.092203234073373675e+08 3.409249798918927312e+08 3.356524551317750216e+08 3.061880537986755371e+03 8.063630000000000000e+05 0.000000000000000000e+00
1.610000000000000000e+02 4.000000000000000000e+00 0.000000000000000000e+00 3.136073162984603047e+08 3.070698132517434955e+08 3.340260099816778302e+08 3.273593838377117515e+08 1.498534255027770996e+03 3.412430000000000000e+05 0.000000000000000000e+00
1.620000000000000000e+02 4.000000000000000000e+00 0.000000000000000000e+00 3.143804520674811006e+08 3.065930521422263980e+08 3.363509695303976536e+08 3.305909085210505724e+08 2.213133579015731812e+03 5.532830000000000000e+05 0.000000000000000000e+00
1.630000000000000000e+02 4.000000000000000000e+00 0.000000000000000000e+00 3.144409095135010481e+08 3.070340356909631491e+08 3.391556525899184942e+08 3.327643370852892399e+08 3.222903387069702148e+03 8.390430000000000000e+05 0.000000000000000000e+00
1.640000000000000000e+02 4.000000000000000000e+00 0.000000000000000000e+00 3.108783018430768251e+08 3.022541217099502087e+08 3.399289941315818429e+08 3.341900036711260676e+08 2.798497744083404541e+03 7.379630000000000000e+05 0.000000000000000000e+00
1.650000000000000000e+02 4.000000000000000000e+00 0.000000000000000000e+00 3.019777848605967760e+08 2.945525312203922272e+08 3.407556283892517090e+08 3.355064129749280810e+08 2.232072197914123535e+03 5.791230000000000000e+05 0.000000000000000000e+00
1.660000000000000000e+02 4.000000000000000000e+00 0.000000000000000000e+00 3.200769816413228512e+08 3.137956892598871589e+08 3.388955224661220312e+08 3.325379890821149349e+08 9.901413071155548096e+02 2.606830000000000000e+05 0.000000000000000000e+00
1.670000000000000000e+02 4.000000000000000000e+00 0.000000000000000000e+00 3.219427145693290830e+08 3.137587623604670763e+08 3.386357777069597840e+08 3.329506784253951907e+08 1.985648557186126709e+03 5.092030000000000000e+05 0.000000000000000000e+00
1.680000000000000000e+02 4.000000000000000000e+00 0.000000000000000000e+00 3.177519252994736433e+08 3.112988207322719097e+08 3.369895288497094512e+08 3.310839929316849709e+08 8.385741279125213623e+02 2.173630000000000000e+05 0.000000000000000000e+00
1.690000000000000000e+02 4.000000000000000000e+00 0.000000000000000000e+00 3.113862504238845706e+08 3.050368589291117191e+08 3.380839204767950773e+08 3.332744577208425403e+08 1.816080335140228271e+03 4.689230000000000000e+05 0.000000000000000000e+00
1.700000000000000000e+02 4.000000000000000000e+00 0.000000000000000000e+00 3.061392064727174640e+08 2.977061679707271457e+08 3.310396913270640373e+08 3.242539597867178917e+08 1.470580833196640015e+03 3.883630000000000000e+05 0.000000000000000000e+00
1.710000000000000000e+02 4.000000000000000000e+00 0.000000000000000000e+00 3.055320318844351768e+08 2.962799914179385304e+08 3.380464071465927362e+08 3.323431748824212551e+08 2.786272721767425537e+03 7.174430000000000000e+05 0.000000000000000000e+00
1.720000000000000000e+02 4.000000000000000000e+00 0.000000000000000000e+00 3.044992283737614155e+08 2.969792070239691138e+08 3.352924711231069565e+08 3.293721961824021339e+08 3.203408457040786743e+03 6.733630000000000000e+05 0.000000000000000000e+00
1.730000000000000000e+02 4.000000000000000000e+00 0.000000000000000000e+00 3.150983018653005958e+08 3.092372203159701228e+08 3.357220083748471141e+08 3.300324772235630751e+08 1.391372535943984985e+03 3.435230000000000000e+05 0.000000000000000000e+00
1.740000000000000000e+02 4.000000000000000000e+00 0.000000000000000000e+00 3.073530343099820018e+08 2.995843714104827642e+08 3.361244470371180177e+08 3.287878935120147467e+08 1.308988801956176758e+03 3.420030000000000000e+05 0.000000000000000000e+00
1.750000000000000000e+02 4.000000000000000000e+00 0.000000000000000000e+00 3.166544236032400727e+08 3.080554920843327641e+08 3.383683037603260875e+08 3.327589598797441721e+08 9.433910000324249268e+02 2.439630000000000000e+05 0.000000000000000000e+00
1.760000000000000000e+02 4.000000000000000000e+00 0.000000000000000000e+00 3.217217157483108640e+08 3.153764725031962991e+08 3.342687419906886220e+08 3.281613457924932837e+08 1.013038383007049561e+03 2.181230000000000000e+05 0.000000000000000000e+00
1.770000000000000000e+02 4.000000000000000000e+00 0.000000000000000000e+00 3.126049790494337678e+08 3.064600668885344863e+08 3.411579599225276113e+08 3.358241600072032213e+08 3.916458117008209229e+03 8.968030000000000000e+05 0.000000000000000000e+00
1.780000000000000000e+02 4.000000000000000000e+00 0.000000000000000000e+00 3.024297855325742364e+08 2.940628236803321838e+08 3.352377941928142905e+08 3.293624180960429311e+08 2.427723795890808105e+03 6.216830000000000000e+05 0.000000000000000000e+00
1.790000000000000000e+02 4.000000000000000000e+00 0.000000000000000000e+00 3.318909755834680200e+08 3.260928725189757347e+08 3.451297600562146306e+08 3.395053408098126650e+08 4.383159043073654175e+03 1.135443000000000000e+06 0.000000000000000000e+00
1.800000000000000000e+02 4.000000000000000000e+00 0.000000000000000000e+00 3.029836402432403564e+08 2.943634983906990886e+08 3.362036142313184738e+08 3.296663939580727220e+08 1.347235928058624268e+03 3.496030000000000000e+05 0.000000000000000000e+00
1.810000000000000000e+02 4.000000000000000000e+00 0.000000000000000000e+00 3.037719771356789470e+08 2.937756958751966357e+08 3.362503567105110288e+08 3.302019643257669210e+08 1.956308246850967407e+03 5.137630000000000000e+05 0.000000000000000000e+00
1.820000000000000000e+02 4.000000000000000000e+00 0.000000000000000000e+00 2.939554181903112531e+08 2.848714015337858200e+08 3.334078900810871124e+08 3.268154570095282793e+08 1.685797760963439941e+03 4.453630000000000000e+05 0.000000000000000000e+00
1.830000000000000000e+02 4.000000000000000000e+00 0.000000000000000000e+00 3.007680849054996371e+08 2.959197288549326062e+08 3.323221031599151492e+08 3.263679717670730948e+08 8.734422688484191895e+02 2.295230000000000000e+05 0.000000000000000000e+00
1.840000000000000000e+02 4.000000000000000000e+00 0.000000000000000000e+00 2.973014653663620353e+08 2.887697193555132747e+08 3.369665529351031780e+08 3.313989286587787867e+08 2.655338427066802979e+03 6.946430000000000000e+05 0.000000000000000000e+00
1.850000000000000000e+02 4.000000000000000000e+00 0.000000000000000000e+00 3.174203538601537943e+08 3.097734832875756025e+08 3.332523989390457273e+08 3.269557392071493864e+08 1.263149709939956665e+03 3.275630000000000000e+05 0.000000000000000000e+00
1.860000000000000000e+02 4.000000000000000000e+00 0.000000000000000000e+00 3.107625384895550609e+08 3.048980526297407746e+08 3.369398410540935993e+08 3.305847533845540881e+08 1.357771647930145264e+03 3.214830000000000000e+05 0.000000000000000000e+00
1.870000000000000000e+02 4.000000000000000000e+00 0.000000000000000000e+00 3.153991989143472910e+08 3.101273840264616609e+08 3.339746127524548173e+08 3.272739599680064321e+08 1.284870341062545776e+03 3.260430000000000000e+05 0.000000000000000000e+00
1.880000000000000000e+02 4.000000000000000000e+00 0.000000000000000000e+00 3.208756321646468043e+08 3.144698657114815116e+08 3.379008077472683191e+08 3.321019896704255939e+08 1.660086789846420288e+03 4.301630000000000000e+05 0.000000000000000000e+00
1.890000000000000000e+02 4.000000000000000000e+00 0.000000000000000000e+00 3.029714596366326213e+08 2.958309586475566030e+08 3.344570919084564447e+08 3.287644166843411922e+08 1.972881844997406006e+03 5.092030000000000000e+05 0.000000000000000000e+00
1.900000000000000000e+02 4.000000000000000000e+00 0.000000000000000000e+00 3.167233570938557386e+08 3.082102581208305359e+08 3.388397249338506460e+08 3.324411401920339465e+08 1.740810513019561768e+03 4.582830000000000000e+05 0.000000000000000000e+00
1.910000000000000000e+02 4.000000000000000000e+00 0.000000000000000000e+00 3.241309487110779881e+08 3.178673444451166391e+08 3.395479206837337017e+08 3.324620210329815745e+08 1.501613404989242554e+03 3.898830000000000000e+05 0.000000000000000000e+00
1.920000000000000000e+02 4.000000000000000000e+00 0.000000000000000000e+00 3.175342864106420279e+08 3.093174719973334670e+08 3.360482508637731075e+08 3.301427685511696935e+08 9.025733962059020996e+02 2.386430000000000000e+05 0.000000000000000000e+00
1.930000000000000000e+02 4.000000000000000000e+00 0.000000000000000000e+00 3.110726597722516656e+08 3.035287454758526087e+08 3.407273391113685966e+08 3.344659459262365103e+08 3.281822250843048096e+03 8.572830000000000000e+05 0.000000000000000000e+00
1.940000000000000000e+02 4.000000000000000000e+00 0.000000000000000000e+00 3.070770386771498919e+08 2.998252400132898688e+08 3.370756764429357648e+08 3.311574012352851033e+08 1.770025540113449097e+03 4.620830000000000000e+05 0.000000000000000000e+00
1.950000000000000000e+02 4.000000000000000000e+00 0.000000000000000000e+00 2.995121678315122724e+08 2.891588068403397799e+08 3.401932557745406032e+08 3.341160579184903502e+08 3.523665897130966187e+03 8.291630000000000000e+05 0.000000000000000000e+00
1.960000000000000000e+02 4.000000000000000000e+00 0.000000000000000000e+00 3.092661456841720939e+08 3.026380700991953015e+08 3.311577763354694843e+08 3.240778286799132824e+08 9.984667339324951172e+02 2.515630000000000000e+05 0.000000000000000000e+00
1.970000000000000000e+02 4.000000000000000000e+00 0.000000000000000000e+00 3.046478755898317695e+08 2.964411607667071819e+08 3.424169987160548568e+08 3.371439387113155723e+08 3.176597107172012329e+03 8.200430000000000000e+05 0.000000000000000000e+00
1.980000000000000000e+02 4.000000000000000000e+00 0.000000000000000000e+00 3.130261673457226157e+08 3.057800061660167575e+08 3.395482248371349573e+08 3.340678265299077034e+08 3.324649724006652832e+03 8.512030000000000000e+05 0.000000000000000000e+00
1.990000000000000000e+02 4.000000000000000000e+00 0.000000000000000000e+00 2.931065864732815623e+08 2.842870321928183436e+08 3.385245123925169706e+08 3.329227887367053628e+08 3.425986918926239014e+03 8.854030000000000000e+05 0.000000000000000000e+00
