# # run number, ti calc, ti opt, aep init calc (kW), aep init opt (kW), aep run calc (kW), aep run opt (kW), run time (s), obj func calls, sens func calls
# # run number, ti calc, ti opt, aep init calc (kW), aep init opt (kW), aep run calc (kW), aep run opt (kW), run time (s), obj func calls, sens func calls
0.000000000000000000e+00 4.000000000000000000e+00 0.000000000000000000e+00 3.558790564559520483e+08 3.520214638169655204e+08 3.809665246981819868e+08 3.807054318831493258e+08 1.020028550624847412e+02 1.320000000000000000e+02 5.200000000000000000e+01
1.000000000000000000e+00 4.000000000000000000e+00 0.000000000000000000e+00 2.997750635609145164e+08 2.926096797324376106e+08 3.568362111157330871e+08 3.566981167808039784e+08 6.600946800708770752e+02 3.720000000000000000e+02 2.910000000000000000e+02
2.000000000000000000e+00 4.000000000000000000e+00 0.000000000000000000e+00 2.979161356933341026e+08 2.892190375997004509e+08 3.617867250213718414e+08 3.603099327105114460e+08 3.244506540298461914e+02 2.000000000000000000e+02 1.200000000000000000e+02
3.000000000000000000e+00 4.000000000000000000e+00 0.000000000000000000e+00 3.175278213712812662e+08 3.122326410529780388e+08 3.638310937855282426e+08 3.629090315565850735e+08 2.771750400066375732e+02 2.090000000000000000e+02 1.290000000000000000e+02
4.000000000000000000e+00 4.000000000000000000e+00 0.000000000000000000e+00 3.151053724962708950e+08 3.075636805264183283e+08 3.648305708268284202e+08 3.637049036852864027e+08 3.888545000553131104e+02 2.400000000000000000e+02 1.600000000000000000e+02
5.000000000000000000e+00 4.000000000000000000e+00 0.000000000000000000e+00 3.045790089684082270e+08 2.976380753272120357e+08 3.656152762234866619e+08 3.646181862429788709e+08 3.556419420242309570e+02 2.440000000000000000e+02 1.640000000000000000e+02
6.000000000000000000e+00 4.000000000000000000e+00 0.000000000000000000e+00 3.039500937320434451e+08 2.948972559254209995e+08 3.638694918848447800e+08 3.628518912960665822e+08 2.664511189460754395e+02 2.000000000000000000e+02 1.200000000000000000e+02
7.000000000000000000e+00 4.000000000000000000e+00 0.000000000000000000e+00 3.088083283073463440e+08 3.037558804979595542e+08 3.747501896473529935e+08 3.750120096010689139e+08 4.192345478534698486e+02 2.800000000000000000e+02 2.000000000000000000e+02
8.000000000000000000e+00 4.000000000000000000e+00 0.000000000000000000e+00 3.056560028440598845e+08 2.981765950694805980e+08 3.700183190574499369e+08 3.697996386619784832e+08 3.042014589309692383e+02 2.290000000000000000e+02 1.490000000000000000e+02
9.000000000000000000e+00 4.000000000000000000e+00 0.000000000000000000e+00 3.018461646408153176e+08 2.944080513553292751e+08 3.711037974681093097e+08 3.710148370351269841e+08 5.263826971054077148e+02 2.880000000000000000e+02 2.080000000000000000e+02
1.000000000000000000e+01 4.000000000000000000e+00 0.000000000000000000e+00 3.134875080923008919e+08 3.072068183006797433e+08 3.698981953612128496e+08 3.697799136919205785e+08 5.422158789634704590e+02 3.230000000000000000e+02 2.420000000000000000e+02
1.100000000000000000e+01 4.000000000000000000e+00 0.000000000000000000e+00 3.004813244388853312e+08 2.921851307755749226e+08 3.589064649111378193e+08 3.576857884922380447e+08 1.012555339097976685e+03 4.960000000000000000e+02 4.150000000000000000e+02
1.200000000000000000e+01 4.000000000000000000e+00 0.000000000000000000e+00 3.121647969060457945e+08 3.050227658295556307e+08 3.627936266946750283e+08 3.615395974054992795e+08 2.374234340190887451e+02 1.710000000000000000e+02 9.100000000000000000e+01
1.300000000000000000e+01 4.000000000000000000e+00 0.000000000000000000e+00 2.918139227295485735e+08 2.847315468524553180e+08 3.678727109213985801e+08 3.674662375437453389e+08 4.537143290042877197e+02 2.540000000000000000e+02 1.740000000000000000e+02
1.400000000000000000e+01 4.000000000000000000e+00 0.000000000000000000e+00 2.991775857466738820e+08 2.910019659089850187e+08 3.689629306093625426e+08 3.682365953678321838e+08 5.062721140384674072e+02 2.840000000000000000e+02 2.040000000000000000e+02
1.500000000000000000e+01 4.000000000000000000e+00 0.000000000000000000e+00 2.994267241332199574e+08 2.923819192598723769e+08 3.646837390273216367e+08 3.640544116944732070e+08 4.175214958190917969e+02 2.460000000000000000e+02 1.660000000000000000e+02
1.600000000000000000e+01 4.000000000000000000e+00 0.000000000000000000e+00 3.153710563737961650e+08 3.089589944071656466e+08 3.669673111483269334e+08 3.668093600202267766e+08 2.643389599323272705e+02 1.870000000000000000e+02 1.070000000000000000e+02
1.700000000000000000e+01 4.000000000000000000e+00 0.000000000000000000e+00 3.041684669582733512e+08 2.972094520268282890e+08 3.581637726904914379e+08 3.573241333127495050e+08 7.404550487995147705e+02 4.310000000000000000e+02 3.500000000000000000e+02
1.800000000000000000e+01 4.000000000000000000e+00 0.000000000000000000e+00 2.953057712612359524e+08 2.875007803942812681e+08 3.666521650274652243e+08 3.656818856329999566e+08 7.552361638545989990e+02 4.020000000000000000e+02 3.210000000000000000e+02
1.900000000000000000e+01 4.000000000000000000e+00 0.000000000000000000e+00 3.214677222091780901e+08 3.153741923004437685e+08 3.705449262446191311e+08 3.708987317838091850e+08 2.560744729042053223e+02 1.890000000000000000e+02 1.090000000000000000e+02
2.000000000000000000e+01 4.000000000000000000e+00 0.000000000000000000e+00 3.108742766311485767e+08 3.027914982939335704e+08 3.625858203552543521e+08 3.618326632320753336e+08 2.789890699386596680e+02 2.180000000000000000e+02 1.380000000000000000e+02
2.100000000000000000e+01 4.000000000000000000e+00 0.000000000000000000e+00 3.086137870531988740e+08 2.995483535149650574e+08 3.732344984010649920e+08 3.728903058466362357e+08 4.121186151504516602e+02 2.600000000000000000e+02 1.800000000000000000e+02
2.200000000000000000e+01 4.000000000000000000e+00 0.000000000000000000e+00 3.173642529715687633e+08 3.110264269431280494e+08 3.677649321458894610e+08 3.673652929711316824e+08 2.465485260486602783e+02 2.080000000000000000e+02 1.280000000000000000e+02
2.300000000000000000e+01 4.000000000000000000e+00 0.000000000000000000e+00 3.026028403183252215e+08 2.960650183237998486e+08 3.622556031733995080e+08 3.620561433571990132e+08 3.048740019798278809e+02 2.160000000000000000e+02 1.360000000000000000e+02
2.400000000000000000e+01 4.000000000000000000e+00 0.000000000000000000e+00 3.021974463006691933e+08 2.943771378759852648e+08 3.652810319602495432e+08 3.644846981888911724e+08 4.013758959770202637e+02 2.540000000000000000e+02 1.740000000000000000e+02
2.500000000000000000e+01 4.000000000000000000e+00 0.000000000000000000e+00 3.021995542986285090e+08 2.935953753927878737e+08 3.653529565707604885e+08 3.643396723945739269e+08 2.541743581295013428e+02 2.050000000000000000e+02 1.250000000000000000e+02
2.600000000000000000e+01 4.000000000000000000e+00 0.000000000000000000e+00 3.054003456208027601e+08 2.986803402561462522e+08 3.641104015513985157e+08 3.634718604566079378e+08 3.290390920639038086e+02 2.280000000000000000e+02 1.480000000000000000e+02
2.700000000000000000e+01 4.000000000000000000e+00 0.000000000000000000e+00 3.088833207511192560e+08 3.001109415192900896e+08 3.643362626549156904e+08 3.634719486632351875e+08 3.321625330448150635e+02 2.420000000000000000e+02 1.620000000000000000e+02
2.800000000000000000e+01 4.000000000000000000e+00 0.000000000000000000e+00 3.146762994723266959e+08 3.069224672625698447e+08 3.677671249145740271e+08 3.672479992070575953e+08 1.925597770214080811e+02 2.120000000000000000e+02 1.320000000000000000e+02
2.900000000000000000e+01 4.000000000000000000e+00 0.000000000000000000e+00 3.185756895820302963e+08 3.101489271136628985e+08 3.688811280182350874e+08 3.685231520007339120e+08 4.111894299983978271e+02 3.310000000000000000e+02 2.510000000000000000e+02
3.000000000000000000e+01 4.000000000000000000e+00 0.000000000000000000e+00 3.128266326047205329e+08 3.054700626866646409e+08 3.679498364378960133e+08 3.675650831414346695e+08 4.719168839454650879e+02 1.940000000000000000e+02 1.140000000000000000e+02
3.100000000000000000e+01 4.000000000000000000e+00 0.000000000000000000e+00 3.004587976772955656e+08 2.931879996787403226e+08 3.678560083645088673e+08 3.673267425569586158e+08 3.033900771141052246e+02 2.720000000000000000e+02 1.920000000000000000e+02
3.200000000000000000e+01 4.000000000000000000e+00 0.000000000000000000e+00 3.068960941315168142e+08 2.980807565848971605e+08 3.637829832931759953e+08 3.631951325478913784e+08 6.183400940895080566e+02 5.220000000000000000e+02 4.420000000000000000e+02
3.300000000000000000e+01 4.000000000000000000e+00 0.000000000000000000e+00 3.033588585291644931e+08 2.963063553745442033e+08 3.642549639967413545e+08 3.634948425869021416e+08 2.527507410049438477e+02 2.440000000000000000e+02 1.640000000000000000e+02
3.400000000000000000e+01 4.000000000000000000e+00 0.000000000000000000e+00 3.027257427243539691e+08 2.953536904820072651e+08 3.630474175152187943e+08 3.628283186108297706e+08 4.187494239807128906e+02 3.740000000000000000e+02 2.930000000000000000e+02
3.500000000000000000e+01 4.000000000000000000e+00 0.000000000000000000e+00 2.965670931615816355e+08 2.880340296823109984e+08 3.688813335042211413e+08 3.680376042333153486e+08 3.274929139614105225e+02 2.710000000000000000e+02 1.910000000000000000e+02
3.600000000000000000e+01 4.000000000000000000e+00 0.000000000000000000e+00 3.119088500203657746e+08 3.039474654064793587e+08 3.643023456598287821e+08 3.639260894628960490e+08 1.226685869693756104e+02 1.660000000000000000e+02 8.600000000000000000e+01
3.700000000000000000e+01 4.000000000000000000e+00 0.000000000000000000e+00 3.249906823151665926e+08 3.193641081114358306e+08 3.644927021835408211e+08 3.636971120008119345e+08 3.396855981349945068e+02 2.770000000000000000e+02 1.970000000000000000e+02
3.800000000000000000e+01 4.000000000000000000e+00 0.000000000000000000e+00 3.027541126744369864e+08 2.943564419142025709e+08 3.689146515469812751e+08 3.683871729728825688e+08 1.564757199287414551e+02 1.970000000000000000e+02 1.170000000000000000e+02
3.900000000000000000e+01 4.000000000000000000e+00 0.000000000000000000e+00 3.105616982529975176e+08 3.005991174408373237e+08 3.713015369894915223e+08 3.711143387292980552e+08 2.778004951477050781e+02 2.800000000000000000e+02 2.000000000000000000e+02
4.000000000000000000e+01 4.000000000000000000e+00 0.000000000000000000e+00 3.120548698616344333e+08 3.041108136116584539e+08 3.667416268276095390e+08 3.665322539905900359e+08 3.223200209140777588e+02 2.700000000000000000e+02 1.900000000000000000e+02
4.100000000000000000e+01 4.000000000000000000e+00 0.000000000000000000e+00 3.128819472830935717e+08 3.062447156806442142e+08 3.698829062613841295e+08 3.695421182043294311e+08 2.227699291706085205e+02 2.270000000000000000e+02 1.470000000000000000e+02
4.200000000000000000e+01 4.000000000000000000e+00 0.000000000000000000e+00 3.169528559761356711e+08 3.107013671156987548e+08 3.638113935776660442e+08 3.634484153635157347e+08 2.223681161403656006e+02 2.190000000000000000e+02 1.390000000000000000e+02
4.300000000000000000e+01 4.000000000000000000e+00 0.000000000000000000e+00 3.010099366203850508e+08 2.932616188907161355e+08 3.685467296190122366e+08 3.681123613894164562e+08 2.019643828868865967e+02 2.030000000000000000e+02 1.230000000000000000e+02
4.400000000000000000e+01 4.000000000000000000e+00 0.000000000000000000e+00 3.128433792616024017e+08 3.059814251756067276e+08 3.599507867125961185e+08 3.591385020616031885e+08 5.895117931365966797e+02 4.960000000000000000e+02 4.150000000000000000e+02
4.500000000000000000e+01 4.000000000000000000e+00 0.000000000000000000e+00 3.132512908348362446e+08 3.057719921423436999e+08 3.689237309336997867e+08 3.684847556760510206e+08 1.980505230426788330e+02 2.010000000000000000e+02 1.210000000000000000e+02
4.600000000000000000e+01 4.000000000000000000e+00 0.000000000000000000e+00 3.078816927474420071e+08 3.010487496092855334e+08 3.695596010407718420e+08 3.697250004120379686e+08 3.995771100521087646e+02 3.310000000000000000e+02 2.510000000000000000e+02
4.700000000000000000e+01 4.000000000000000000e+00 0.000000000000000000e+00 3.054576361698048115e+08 2.972652645258193612e+08 3.633946358123429418e+08 3.628291580292509794e+08 2.782845389842987061e+02 2.330000000000000000e+02 1.530000000000000000e+02
4.800000000000000000e+01 4.000000000000000000e+00 0.000000000000000000e+00 3.066401294148903489e+08 2.966328079244028330e+08 3.706000105204232931e+08 3.706332383097906709e+08 2.420682959556579590e+02 2.310000000000000000e+02 1.510000000000000000e+02
4.900000000000000000e+01 4.000000000000000000e+00 0.000000000000000000e+00 3.113224036331588030e+08 3.018087698714365959e+08 3.645659712702283859e+08 3.637726753312441111e+08 2.781897261142730713e+02 2.430000000000000000e+02 1.630000000000000000e+02
5.000000000000000000e+01 4.000000000000000000e+00 0.000000000000000000e+00 3.062287507589501143e+08 2.974678537542029023e+08 3.672699163864191771e+08 3.665680764755148888e+08 2.422324647903442383e+02 2.330000000000000000e+02 1.530000000000000000e+02
5.100000000000000000e+01 4.000000000000000000e+00 0.000000000000000000e+00 3.127313497248107791e+08 3.043133417750697732e+08 3.678920198108281493e+08 3.677071229100118876e+08 3.613251810073852539e+02 3.070000000000000000e+02 2.270000000000000000e+02
5.200000000000000000e+01 4.000000000000000000e+00 0.000000000000000000e+00 3.085965557823790312e+08 3.017272231720352173e+08 3.621214437002733946e+08 3.614196802577907443e+08 2.162941851615905762e+02 2.190000000000000000e+02 1.390000000000000000e+02
5.300000000000000000e+01 4.000000000000000000e+00 0.000000000000000000e+00 3.019573984990820885e+08 2.961293879884470105e+08 3.542377002160764337e+08 3.532858076857651472e+08 2.278885791301727295e+02 2.160000000000000000e+02 1.360000000000000000e+02
5.400000000000000000e+01 4.000000000000000000e+00 0.000000000000000000e+00 3.081081379231402874e+08 2.998084352945751548e+08 3.674920831302592754e+08 3.668198020612748265e+08 2.867848718166351318e+02 2.700000000000000000e+02 1.900000000000000000e+02
5.500000000000000000e+01 4.000000000000000000e+00 0.000000000000000000e+00 3.150743049178815484e+08 3.085183395744079947e+08 3.649832697794821858e+08 3.640255989501729012e+08 2.658147699832916260e+02 2.580000000000000000e+02 1.780000000000000000e+02
5.600000000000000000e+01 4.000000000000000000e+00 0.000000000000000000e+00 3.108150372398030162e+08 3.031440370285632610e+08 3.662403479012737274e+08 3.658284132858526111e+08 2.327386960983276367e+02 2.330000000000000000e+02 1.530000000000000000e+02
5.700000000000000000e+01 4.000000000000000000e+00 0.000000000000000000e+00 3.185439081588905454e+08 3.114512772482336760e+08 3.694732151950854659e+08 3.697008195865092874e+08 6.248965530395507812e+02 4.910000000000000000e+02 4.100000000000000000e+02
5.800000000000000000e+01 4.000000000000000000e+00 0.000000000000000000e+00 3.100831385366336703e+08 3.023199198718010783e+08 3.663725018431671858e+08 3.653728734797462821e+08 2.619631068706512451e+02 2.470000000000000000e+02 1.670000000000000000e+02
5.900000000000000000e+01 4.000000000000000000e+00 0.000000000000000000e+00 3.057294171380075812e+08 2.973612492914874554e+08 3.653066527662693262e+08 3.644596993641458750e+08 3.224051508903503418e+02 2.590000000000000000e+02 1.790000000000000000e+02
6.000000000000000000e+01 4.000000000000000000e+00 0.000000000000000000e+00 3.095555059843776226e+08 3.026159723527755737e+08 3.614756073914394975e+08 3.607393109646055698e+08 3.664547100067138672e+02 3.100000000000000000e+02 2.300000000000000000e+02
6.100000000000000000e+01 4.000000000000000000e+00 0.000000000000000000e+00 3.197434134943436384e+08 3.133890715599368215e+08 3.690593296022728682e+08 3.686707012424297333e+08 3.713407580852508545e+02 2.700000000000000000e+02 1.900000000000000000e+02
6.200000000000000000e+01 4.000000000000000000e+00 0.000000000000000000e+00 3.212336939706248641e+08 3.151541464175267220e+08 3.681806011607761979e+08 3.673601440054863691e+08 2.203795502185821533e+02 2.230000000000000000e+02 1.430000000000000000e+02
6.300000000000000000e+01 4.000000000000000000e+00 0.000000000000000000e+00 3.081208907899695039e+08 2.995924461830489635e+08 3.655376857275614142e+08 3.646686209603574872e+08 3.667225189208984375e+02 3.150000000000000000e+02 2.350000000000000000e+02
6.400000000000000000e+01 4.000000000000000000e+00 0.000000000000000000e+00 2.932366726386754513e+08 2.837953761819713116e+08 3.671585141117366552e+08 3.664938393982812166e+08 2.541100170612335205e+02 2.030000000000000000e+02 1.230000000000000000e+02
6.500000000000000000e+01 4.000000000000000000e+00 0.000000000000000000e+00 3.006799801143080592e+08 2.930195023525075316e+08 3.631043472260108590e+08 3.626243458161033392e+08 2.323870289325714111e+02 2.250000000000000000e+02 1.450000000000000000e+02
6.600000000000000000e+01 4.000000000000000000e+00 0.000000000000000000e+00 3.216700619457423091e+08 3.150526652721503973e+08 3.716141626614508033e+08 3.718509712344393134e+08 1.829825611114501953e+02 2.040000000000000000e+02 1.240000000000000000e+02
6.700000000000000000e+01 4.000000000000000000e+00 0.000000000000000000e+00 3.124557925215333104e+08 3.057810356767493486e+08 3.726256685774447322e+08 3.721059005030106902e+08 3.550546638965606689e+02 3.260000000000000000e+02 2.460000000000000000e+02
6.800000000000000000e+01 4.000000000000000000e+00 0.000000000000000000e+00 3.101258795081111789e+08 3.042903397493005991e+08 3.652543575454130173e+08 3.648833271344031096e+08 1.803295929431915283e+02 2.120000000000000000e+02 1.320000000000000000e+02
6.900000000000000000e+01 4.000000000000000000e+00 0.000000000000000000e+00 3.045465349916216135e+08 2.971950191613906622e+08 3.703601224146089554e+08 3.702120144234794974e+08 5.148519220352172852e+02 4.430000000000000000e+02 3.620000000000000000e+02
7.000000000000000000e+01 4.000000000000000000e+00 0.000000000000000000e+00 3.035132529882273078e+08 2.957691753123558760e+08 3.685992377005378604e+08 3.680083034467714429e+08 2.065217821598052979e+02 2.230000000000000000e+02 1.430000000000000000e+02
7.100000000000000000e+01 4.000000000000000000e+00 0.000000000000000000e+00 2.950209378099243641e+08 2.867355767761047482e+08 3.672604292330574393e+08 3.668574639622545242e+08 2.825596930980682373e+02 2.560000000000000000e+02 1.760000000000000000e+02
7.200000000000000000e+01 4.000000000000000000e+00 0.000000000000000000e+00 3.131671292332764268e+08 3.048003159048020244e+08 3.692103939615663290e+08 3.687823676671362519e+08 2.331299598217010498e+02 2.520000000000000000e+02 1.720000000000000000e+02
7.300000000000000000e+01 4.000000000000000000e+00 0.000000000000000000e+00 3.100939823594116569e+08 3.027040024165629148e+08 3.676647134241586924e+08 3.671878089839286804e+08 2.141273632049560547e+02 2.140000000000000000e+02 1.340000000000000000e+02
7.400000000000000000e+01 4.000000000000000000e+00 0.000000000000000000e+00 3.184810942579101920e+08 3.119541726543614864e+08 3.735316740610765219e+08 3.734030461556156278e+08 3.101911039352416992e+02 2.970000000000000000e+02 2.170000000000000000e+02
7.500000000000000000e+01 4.000000000000000000e+00 0.000000000000000000e+00 3.158429658090289235e+08 3.083106121675099134e+08 3.639171042421208620e+08 3.638631730107963085e+08 3.304094119071960449e+02 2.970000000000000000e+02 2.170000000000000000e+02
7.600000000000000000e+01 4.000000000000000000e+00 0.000000000000000000e+00 3.069180484210068583e+08 3.002302404837075472e+08 3.633444051633991599e+08 3.627055482861494422e+08 1.280013559103012085e+03 8.930000000000000000e+02 8.120000000000000000e+02
7.700000000000000000e+01 4.000000000000000000e+00 0.000000000000000000e+00 3.151074150570287108e+08 3.081030134814910889e+08 3.675999821078259945e+08 3.664218957459106445e+08 1.667724449634552002e+02 1.880000000000000000e+02 1.080000000000000000e+02
7.800000000000000000e+01 4.000000000000000000e+00 0.000000000000000000e+00 3.130718386464210153e+08 3.055802315391878486e+08 3.626002537205320001e+08 3.614282771257597804e+08 1.468388221263885498e+02 1.870000000000000000e+02 1.070000000000000000e+02
7.900000000000000000e+01 4.000000000000000000e+00 0.000000000000000000e+00 3.084943573952105045e+08 3.002209719915746450e+08 3.677059536122487783e+08 3.671713512869057059e+08 5.017309920787811279e+02 3.880000000000000000e+02 3.080000000000000000e+02
8.000000000000000000e+01 4.000000000000000000e+00 0.000000000000000000e+00 2.920604679146321416e+08 2.835960857547715902e+08 3.632590285576564074e+08 3.626665235509731770e+08 3.083730409145355225e+02 3.000000000000000000e+02 2.200000000000000000e+02
8.100000000000000000e+01 4.000000000000000000e+00 0.000000000000000000e+00 3.221055031790696383e+08 3.163171215971293449e+08 3.701834203194254041e+08 3.697786806671307087e+08 2.521381487846374512e+02 2.630000000000000000e+02 1.830000000000000000e+02
8.200000000000000000e+01 4.000000000000000000e+00 0.000000000000000000e+00 3.166932342352164388e+08 3.073273529003356099e+08 3.666155240427432656e+08 3.660079433998978138e+08 3.873270289897918701e+02 3.600000000000000000e+02 2.790000000000000000e+02
8.300000000000000000e+01 4.000000000000000000e+00 0.000000000000000000e+00 3.144544011868019700e+08 3.067202593036416173e+08 3.675236396552861929e+08 3.664212400534744859e+08 2.936000161170959473e+02 3.080000000000000000e+02 2.280000000000000000e+02
8.400000000000000000e+01 4.000000000000000000e+00 0.000000000000000000e+00 3.164744804709604383e+08 3.103778148684269786e+08 3.682508670998861790e+08 3.679614917747725248e+08 2.247857949733734131e+02 2.370000000000000000e+02 1.570000000000000000e+02
8.500000000000000000e+01 4.000000000000000000e+00 0.000000000000000000e+00 3.066595954337026477e+08 2.988520318502075076e+08 3.623050074929332733e+08 3.611554076512610912e+08 2.575710098743438721e+02 2.580000000000000000e+02 1.780000000000000000e+02
8.600000000000000000e+01 4.000000000000000000e+00 0.000000000000000000e+00 2.957080459470301270e+08 2.873241364209026098e+08 3.550651876386736035e+08 3.532411200779334307e+08 2.102952270507812500e+02 2.180000000000000000e+02 1.380000000000000000e+02
8.700000000000000000e+01 4.000000000000000000e+00 0.000000000000000000e+00 3.169552387198172808e+08 3.111188606775237918e+08 3.637587707549739480e+08 3.636400872843061090e+08 2.828659889698028564e+02 1.860000000000000000e+02 1.060000000000000000e+02
8.800000000000000000e+01 4.000000000000000000e+00 0.000000000000000000e+00 3.089332069775576591e+08 3.030813683659211993e+08 3.642100454557893276e+08 3.636962142963165045e+08 1.990279109477996826e+02 2.310000000000000000e+02 1.510000000000000000e+02
8.900000000000000000e+01 4.000000000000000000e+00 0.000000000000000000e+00 3.086630741758117080e+08 3.003903029911350012e+08 3.639136373061685562e+08 3.635192303209483027e+08 2.449046280384063721e+02 2.590000000000000000e+02 1.790000000000000000e+02
9.000000000000000000e+01 4.000000000000000000e+00 0.000000000000000000e+00 3.115260653747675419e+08 3.028447472208945155e+08 3.679972531713173389e+08 3.669542585109736919e+08 2.014066839218139648e+02 2.130000000000000000e+02 1.330000000000000000e+02
9.100000000000000000e+01 4.000000000000000000e+00 0.000000000000000000e+00 3.164884512847816348e+08 3.110701243563442826e+08 3.691347807550023198e+08 3.689524417723962665e+08 2.137866280078887939e+02 2.400000000000000000e+02 1.600000000000000000e+02
9.200000000000000000e+01 4.000000000000000000e+00 0.000000000000000000e+00 3.082473008482735753e+08 3.018815868042059541e+08 3.686735521083645821e+08 3.683509684440481067e+08 2.041093029975891113e+02 2.190000000000000000e+02 1.390000000000000000e+02
9.300000000000000000e+01 4.000000000000000000e+00 0.000000000000000000e+00 3.170222377608337998e+08 3.112051054451125860e+08 3.670198331313352585e+08 3.661090397580367923e+08 3.873245489597320557e+02 3.370000000000000000e+02 2.570000000000000000e+02
9.400000000000000000e+01 4.000000000000000000e+00 0.000000000000000000e+00 3.074451061174919605e+08 2.991846468645541668e+08 3.648363457360399365e+08 3.641134237059971094e+08 2.052889440059661865e+02 2.120000000000000000e+02 1.320000000000000000e+02
9.500000000000000000e+01 4.000000000000000000e+00 0.000000000000000000e+00 3.086887674448538423e+08 3.000638461806272864e+08 3.667561160717130899e+08 3.659176762599428892e+08 2.907471630573272705e+02 2.580000000000000000e+02 1.780000000000000000e+02
9.600000000000000000e+01 4.000000000000000000e+00 0.000000000000000000e+00 3.199879144613422751e+08 3.132044997889925241e+08 3.706319531267848015e+08 3.702240888786175847e+08 1.739104280471801758e+02 2.160000000000000000e+02 1.360000000000000000e+02
9.700000000000000000e+01 4.000000000000000000e+00 0.000000000000000000e+00 3.100468047901771665e+08 3.026958524429596663e+08 3.683558092609007955e+08 3.681624557941633463e+08 2.360714719295501709e+02 2.560000000000000000e+02 1.760000000000000000e+02
9.800000000000000000e+01 4.000000000000000000e+00 0.000000000000000000e+00 3.070153624291616678e+08 2.993331397851849794e+08 3.654088110837455392e+08 3.651081394190363288e+08 2.768766961097717285e+02 2.670000000000000000e+02 1.870000000000000000e+02
9.900000000000000000e+01 4.000000000000000000e+00 0.000000000000000000e+00 3.171548554873487949e+08 3.108294948917348981e+08 3.645961986467363238e+08 3.643900600777772069e+08 2.479905261993408203e+02 2.560000000000000000e+02 1.760000000000000000e+02
1.000000000000000000e+02 4.000000000000000000e+00 0.000000000000000000e+00 3.164119938248962760e+08 3.098967815506978035e+08 3.690239464502120614e+08 3.685494190190150142e+08 3.660464539527893066e+02 2.160000000000000000e+02 1.360000000000000000e+02
1.010000000000000000e+02 4.000000000000000000e+00 0.000000000000000000e+00 3.124751707969658375e+08 3.050348045339223742e+08 3.594585692129595280e+08 3.579453494274395704e+08 4.862155089378356934e+02 3.990000000000000000e+02 3.190000000000000000e+02
1.020000000000000000e+02 4.000000000000000000e+00 0.000000000000000000e+00 3.110342183639361262e+08 3.039330191853911877e+08 3.651866675222595334e+08 3.645491869172587395e+08 1.724377532005310059e+02 1.980000000000000000e+02 1.180000000000000000e+02
1.030000000000000000e+02 4.000000000000000000e+00 0.000000000000000000e+00 2.976352371143593788e+08 2.898696568433164954e+08 3.707814305031035542e+08 3.706569121763426065e+08 3.426818449497222900e+02 2.920000000000000000e+02 2.120000000000000000e+02
1.040000000000000000e+02 4.000000000000000000e+00 0.000000000000000000e+00 3.216095344123748541e+08 3.153896021693716645e+08 3.670259466781878471e+08 3.665220939040887952e+08 1.636554570198059082e+02 1.890000000000000000e+02 1.090000000000000000e+02
1.050000000000000000e+02 4.000000000000000000e+00 0.000000000000000000e+00 3.181454259426814318e+08 3.117132227430077195e+08 3.674174145211507678e+08 3.666768547559391260e+08 4.629616808891296387e+02 3.950000000000000000e+02 3.140000000000000000e+02
1.060000000000000000e+02 4.000000000000000000e+00 0.000000000000000000e+00 2.943303226708441377e+08 2.868777536440399885e+08 3.676189456289839149e+08 3.668558888293654919e+08 2.250640921592712402e+02 2.200000000000000000e+02 1.400000000000000000e+02
1.070000000000000000e+02 4.000000000000000000e+00 0.000000000000000000e+00 3.132555495177420974e+08 3.083267177515341043e+08 3.654867636211462021e+08 3.651236040392480493e+08 2.586258060932159424e+02 2.450000000000000000e+02 1.650000000000000000e+02
1.080000000000000000e+02 4.000000000000000000e+00 0.000000000000000000e+00 3.132982558212503791e+08 3.075261389107592702e+08 3.683290676646705270e+08 3.682607858575299978e+08 7.998954000473022461e+02 6.490000000000000000e+02 5.680000000000000000e+02
1.090000000000000000e+02 4.000000000000000000e+00 0.000000000000000000e+00 2.944598954930186868e+08 2.859230488059600592e+08 3.588477668542271852e+08 3.578405657420513034e+08 2.026187651157379150e+02 2.090000000000000000e+02 1.290000000000000000e+02
1.100000000000000000e+02 4.000000000000000000e+00 0.000000000000000000e+00 3.029083138292029500e+08 2.955651003157373071e+08 3.607792107621052265e+08 3.597263285083161592e+08 7.082166090011596680e+02 5.410000000000000000e+02 4.610000000000000000e+02
1.110000000000000000e+02 4.000000000000000000e+00 0.000000000000000000e+00 2.917677973293652534e+08 2.842698716350947022e+08 3.603672092411099076e+08 3.595191751677184105e+08 1.979264819622039795e+02 2.010000000000000000e+02 1.210000000000000000e+02
1.120000000000000000e+02 4.000000000000000000e+00 0.000000000000000000e+00 3.066237094703352451e+08 2.999181310450467467e+08 3.693435338206061721e+08 3.691648750900968313e+08 1.383563621044158936e+02 1.690000000000000000e+02 8.900000000000000000e+01
1.130000000000000000e+02 4.000000000000000000e+00 0.000000000000000000e+00 3.065855007371641994e+08 2.980886410281899571e+08 3.631951979808661342e+08 3.620809606342590451e+08 3.627324459552764893e+02 3.130000000000000000e+02 2.330000000000000000e+02
1.140000000000000000e+02 4.000000000000000000e+00 0.000000000000000000e+00 3.236046672207331061e+08 3.166286869136911631e+08 3.681855569259725809e+08 3.675309550831410885e+08 1.860830719470977783e+02 2.020000000000000000e+02 1.220000000000000000e+02
1.150000000000000000e+02 4.000000000000000000e+00 0.000000000000000000e+00 3.044700580530336499e+08 2.972863685509818792e+08 3.480894337391265035e+08 3.461557187156460285e+08 1.422340879440307617e+02 1.690000000000000000e+02 8.900000000000000000e+01
1.160000000000000000e+02 4.000000000000000000e+00 0.000000000000000000e+00 3.194887066250070333e+08 3.121516733569304347e+08 3.646792916929251552e+08 3.640032450316531062e+08 1.790602760314941406e+02 1.980000000000000000e+02 1.180000000000000000e+02
1.170000000000000000e+02 4.000000000000000000e+00 0.000000000000000000e+00 3.036773734548431635e+08 2.949186876793914437e+08 3.667684307027895451e+08 3.661935125408710837e+08 6.559047369956970215e+02 5.020000000000000000e+02 4.220000000000000000e+02
1.180000000000000000e+02 4.000000000000000000e+00 0.000000000000000000e+00 3.086866115346322656e+08 3.010497640796770453e+08 3.664262393377180099e+08 3.661582619594338536e+08 3.115329508781433105e+02 2.950000000000000000e+02 2.150000000000000000e+02
1.190000000000000000e+02 4.000000000000000000e+00 0.000000000000000000e+00 3.064099135394354463e+08 2.975123014348976016e+08 3.611723692111849785e+08 3.598079617591452003e+08 2.180348370075225830e+02 2.170000000000000000e+02 1.370000000000000000e+02
1.200000000000000000e+02 4.000000000000000000e+00 0.000000000000000000e+00 3.136403389111269116e+08 3.072134894877455235e+08 3.136403389111269116e+08 3.072134894877455235e+08 3.187659978866577148e+00 8.200000000000000000e+01 1.000000000000000000e+00
1.210000000000000000e+02 4.000000000000000000e+00 0.000000000000000000e+00 3.215341855927947760e+08 3.151789384800971746e+08 3.658754471865605712e+08 3.652033897351911664e+08 4.596938800811767578e+02 3.070000000000000000e+02 2.270000000000000000e+02
1.220000000000000000e+02 4.000000000000000000e+00 0.000000000000000000e+00 3.075177314419187307e+08 2.999092340956640840e+08 3.714387602680153251e+08 3.716152223247998953e+08 4.226629569530487061e+02 2.890000000000000000e+02 2.090000000000000000e+02
1.230000000000000000e+02 4.000000000000000000e+00 0.000000000000000000e+00 3.136131146552961469e+08 3.072773287800816894e+08 3.693623317220068574e+08 3.688343047341617346e+08 5.702981557846069336e+02 2.680000000000000000e+02 1.880000000000000000e+02
1.240000000000000000e+02 4.000000000000000000e+00 0.000000000000000000e+00 2.962202393533166051e+08 2.876126359748007655e+08 3.685981383786150217e+08 3.683748001377816200e+08 4.550519301891326904e+02 2.680000000000000000e+02 1.880000000000000000e+02
1.250000000000000000e+02 4.000000000000000000e+00 0.000000000000000000e+00 3.122509312839724422e+08 3.057801187572855949e+08 3.637309177351320386e+08 3.633625781418890953e+08 2.436061930656433105e+02 1.810000000000000000e+02 1.010000000000000000e+02
1.260000000000000000e+02 4.000000000000000000e+00 0.000000000000000000e+00 3.091013773825860620e+08 3.017943133517088294e+08 3.708687587445525527e+08 3.700143288935253620e+08 3.343782351016998291e+02 2.250000000000000000e+02 1.450000000000000000e+02
1.270000000000000000e+02 4.000000000000000000e+00 0.000000000000000000e+00 3.089542666908506751e+08 2.999935836708048582e+08 3.681210907931024432e+08 3.679450178390398026e+08 3.750784180164337158e+02 2.370000000000000000e+02 1.570000000000000000e+02
1.280000000000000000e+02 4.000000000000000000e+00 0.000000000000000000e+00 3.059597925741487145e+08 2.983881008993270397e+08 3.628556304854198098e+08 3.625647166591745019e+08 7.207668941020965576e+02 3.270000000000000000e+02 2.460000000000000000e+02
1.290000000000000000e+02 4.000000000000000000e+00 0.000000000000000000e+00 3.105724697047743797e+08 3.034431559318975806e+08 3.628870228972122669e+08 3.615939911784679294e+08 5.511114270687103271e+02 3.020000000000000000e+02 2.220000000000000000e+02
1.300000000000000000e+02 4.000000000000000000e+00 0.000000000000000000e+00 3.021224137204012871e+08 2.945837105978123546e+08 3.618296128798254132e+08 3.614075877791285515e+08 3.532726280689239502e+02 2.430000000000000000e+02 1.630000000000000000e+02
1.310000000000000000e+02 4.000000000000000000e+00 0.000000000000000000e+00 3.017770622980450988e+08 2.938999949469583035e+08 3.629746968194943070e+08 3.624830302965258360e+08 7.705455930233001709e+02 4.440000000000000000e+02 3.630000000000000000e+02
1.320000000000000000e+02 4.000000000000000000e+00 0.000000000000000000e+00 3.040459258175477982e+08 2.959176062063670158e+08 3.619414728083553314e+08 3.611154007164811492e+08 4.104732549190521240e+02 2.660000000000000000e+02 1.860000000000000000e+02
1.330000000000000000e+02 4.000000000000000000e+00 0.000000000000000000e+00 3.059863293534980416e+08 2.993031304616472721e+08 3.631168718480598927e+08 3.627496143096665740e+08 1.225282216072082520e+03 5.840000000000000000e+02 5.030000000000000000e+02
1.340000000000000000e+02 4.000000000000000000e+00 0.000000000000000000e+00 3.019667241591112018e+08 2.959125077667058110e+08 3.685048937417833209e+08 3.682677713041418195e+08 5.335371389389038086e+02 3.170000000000000000e+02 2.370000000000000000e+02
1.350000000000000000e+02 4.000000000000000000e+00 0.000000000000000000e+00 3.222676683582830429e+08 3.150505954185840487e+08 3.664778822734776735e+08 3.657124785168669820e+08 2.504783430099487305e+02 2.020000000000000000e+02 1.220000000000000000e+02
1.360000000000000000e+02 4.000000000000000000e+00 0.000000000000000000e+00 3.143888579828177691e+08 3.061867353510962725e+08 3.677430513392976522e+08 3.669380290533388257e+08 2.231220359802246094e+02 1.850000000000000000e+02 1.050000000000000000e+02
1.370000000000000000e+02 4.000000000000000000e+00 0.000000000000000000e+00 3.217402616216495037e+08 3.145373137361560464e+08 3.629924782930833697e+08 3.625466907488985062e+08 3.399714369773864746e+02 2.200000000000000000e+02 1.400000000000000000e+02
1.380000000000000000e+02 4.000000000000000000e+00 0.000000000000000000e+00 3.192681659217019081e+08 3.123209308540765047e+08 3.687076376644465327e+08 3.687133654623965621e+08 2.069318859577178955e+02 1.810000000000000000e+02 1.010000000000000000e+02
1.390000000000000000e+02 4.000000000000000000e+00 0.000000000000000000e+00 3.141992205904517770e+08 3.065806340677618980e+08 3.652614772564247251e+08 3.649295602342202067e+08 5.191046810150146484e+02 3.300000000000000000e+02 2.500000000000000000e+02
1.400000000000000000e+02 4.000000000000000000e+00 0.000000000000000000e+00 2.948849359076457024e+08 2.876739115405393243e+08 3.658303837164850235e+08 3.652427713566964865e+08 4.761491930484771729e+02 3.010000000000000000e+02 2.210000000000000000e+02
1.410000000000000000e+02 4.000000000000000000e+00 0.000000000000000000e+00 3.145679522928162217e+08 3.079936436986387968e+08 3.676460470945162177e+08 3.667810580727715492e+08 3.000424599647521973e+02 2.170000000000000000e+02 1.370000000000000000e+02
1.420000000000000000e+02 4.000000000000000000e+00 0.000000000000000000e+00 3.010665232385832071e+08 2.926348764258091450e+08 3.655147359579634666e+08 3.650551805106863379e+08 7.381387569904327393e+02 3.960000000000000000e+02 3.160000000000000000e+02
1.430000000000000000e+02 4.000000000000000000e+00 0.000000000000000000e+00 3.085415037261023521e+08 3.025541168536262512e+08 3.643555384964454174e+08 3.638762919601747990e+08 4.818311030864715576e+02 2.680000000000000000e+02 1.880000000000000000e+02
1.440000000000000000e+02 4.000000000000000000e+00 0.000000000000000000e+00 3.140064688850673437e+08 3.070561986634206176e+08 3.654978125063322186e+08 3.648798215879105926e+08 3.645242099761962891e+02 2.190000000000000000e+02 1.390000000000000000e+02
1.450000000000000000e+02 4.000000000000000000e+00 0.000000000000000000e+00 3.042832454227295518e+08 2.955325860461496115e+08 3.563287893069809675e+08 3.551153081145808101e+08 3.309876270294189453e+02 2.130000000000000000e+02 1.330000000000000000e+02
1.460000000000000000e+02 4.000000000000000000e+00 0.000000000000000000e+00 3.212668919031524658e+08 3.146554953954497576e+08 3.607024452662094235e+08 3.599015199977230430e+08 2.951455099582672119e+02 2.050000000000000000e+02 1.250000000000000000e+02
1.470000000000000000e+02 4.000000000000000000e+00 0.000000000000000000e+00 3.139997096279215813e+08 3.073941495827609301e+08 3.588830171972185969e+08 3.584822019437547922e+08 2.197777769565582275e+02 1.920000000000000000e+02 1.120000000000000000e+02
1.480000000000000000e+02 4.000000000000000000e+00 0.000000000000000000e+00 3.034677449494065642e+08 2.960222219359155893e+08 3.678215826186901331e+08 3.674979420325765014e+08 2.947533390522003174e+02 2.340000000000000000e+02 1.540000000000000000e+02
1.490000000000000000e+02 4.000000000000000000e+00 0.000000000000000000e+00 3.157569292485462427e+08 3.078259948903959990e+08 3.620673856476169825e+08 3.614142794223290682e+08 2.985463750362396240e+02 1.990000000000000000e+02 1.190000000000000000e+02
1.500000000000000000e+02 4.000000000000000000e+00 0.000000000000000000e+00 2.997729590932205915e+08 2.914373141186136603e+08 3.653015892371969223e+08 3.644969307263886333e+08 6.344452719688415527e+02 3.320000000000000000e+02 2.520000000000000000e+02
1.510000000000000000e+02 4.000000000000000000e+00 0.000000000000000000e+00 3.022381357653955817e+08 2.949179410979313254e+08 3.627520294689560533e+08 3.614400190650201440e+08 5.802352499961853027e+02 3.440000000000000000e+02 2.640000000000000000e+02
1.520000000000000000e+02 4.000000000000000000e+00 0.000000000000000000e+00 3.129346435696135163e+08 3.051670944435886145e+08 3.731885358064743876e+08 3.726394820404974818e+08 2.933723280429840088e+02 2.300000000000000000e+02 1.500000000000000000e+02
1.530000000000000000e+02 4.000000000000000000e+00 0.000000000000000000e+00 3.039356771896603703e+08 2.959347865495945215e+08 3.583432019268141985e+08 3.569626431533507705e+08 7.555928690433502197e+02 4.130000000000000000e+02 3.320000000000000000e+02
1.540000000000000000e+02 4.000000000000000000e+00 0.000000000000000000e+00 2.963689393993942142e+08 2.877245484594731927e+08 3.693892703183387518e+08 3.690667389550207257e+08 3.710770399570465088e+02 3.180000000000000000e+02 2.380000000000000000e+02
1.550000000000000000e+02 4.000000000000000000e+00 0.000000000000000000e+00 2.983499013863318563e+08 2.902061396790552139e+08 3.687991456958803535e+08 3.682127144963449240e+08 6.133746190071105957e+02 3.270000000000000000e+02 2.470000000000000000e+02
1.560000000000000000e+02 4.000000000000000000e+00 0.000000000000000000e+00 3.191281010883956552e+08 3.119551248888528347e+08 3.649720221919758916e+08 3.640805460909801722e+08 1.963141071796417236e+02 2.160000000000000000e+02 1.360000000000000000e+02
1.570000000000000000e+02 4.000000000000000000e+00 0.000000000000000000e+00 3.124116732588113546e+08 3.051199158071398735e+08 3.674246962939553857e+08 3.672625675964363217e+08 1.110035669803619385e+02 1.570000000000000000e+02 7.700000000000000000e+01
1.580000000000000000e+02 4.000000000000000000e+00 0.000000000000000000e+00 3.109688614405032992e+08 3.042192120254130960e+08 3.691008719870962501e+08 3.688024620559575558e+08 1.976252789497375488e+02 2.050000000000000000e+02 1.250000000000000000e+02
1.590000000000000000e+02 4.000000000000000000e+00 0.000000000000000000e+00 3.050612705970283747e+08 2.979795673513404727e+08 3.699234817470239997e+08 3.700333882222494483e+08 5.907139039039611816e+02 2.440000000000000000e+02 1.640000000000000000e+02
1.600000000000000000e+02 4.000000000000000000e+00 0.000000000000000000e+00 3.162051706316123605e+08 3.092203234073373675e+08 3.672330584282771945e+08 3.668774515154698491e+08 2.122115180492401123e+02 2.170000000000000000e+02 1.370000000000000000e+02
1.610000000000000000e+02 4.000000000000000000e+00 0.000000000000000000e+00 3.136073162984603047e+08 3.070698132517434955e+08 3.696233701476269364e+08 3.693184378015843034e+08 2.561666970252990723e+02 2.510000000000000000e+02 1.710000000000000000e+02
1.620000000000000000e+02 4.000000000000000000e+00 0.000000000000000000e+00 3.143804520674811006e+08 3.065930521422263980e+08 3.664219277260451317e+08 3.657475551137381792e+08 4.252668349742889404e+02 3.590000000000000000e+02 2.780000000000000000e+02
1.630000000000000000e+02 4.000000000000000000e+00 0.000000000000000000e+00 3.144409095135010481e+08 3.070340356909631491e+08 3.611844906333100796e+08 3.603245289896538854e+08 3.173357038497924805e+02 2.920000000000000000e+02 2.120000000000000000e+02
1.640000000000000000e+02 4.000000000000000000e+00 0.000000000000000000e+00 3.108783018430768251e+08 3.022541217099502087e+08 3.635919626295590997e+08 3.628413647428528666e+08 1.985977401733398438e+02 2.090000000000000000e+02 1.290000000000000000e+02
1.650000000000000000e+02 4.000000000000000000e+00 0.000000000000000000e+00 3.019777848605967760e+08 2.945525312203922272e+08 3.625193042765836120e+08 3.622728548548753262e+08 2.406195881366729736e+02 2.230000000000000000e+02 1.430000000000000000e+02
1.660000000000000000e+02 4.000000000000000000e+00 0.000000000000000000e+00 3.200769816413228512e+08 3.137956892598871589e+08 3.645003643783545494e+08 3.634568744146360159e+08 2.312699000835418701e+02 2.190000000000000000e+02 1.390000000000000000e+02
1.670000000000000000e+02 4.000000000000000000e+00 0.000000000000000000e+00 3.219427145693290830e+08 3.137587623604670763e+08 3.657492283855370283e+08 3.655955017036549449e+08 1.435795719623565674e+02 1.790000000000000000e+02 9.900000000000000000e+01
1.680000000000000000e+02 4.000000000000000000e+00 0.000000000000000000e+00 3.177519252994736433e+08 3.112988207322719097e+08 3.656031375083494186e+08 3.652306079612105489e+08 1.393407278060913086e+02 1.700000000000000000e+02 9.000000000000000000e+01
1.690000000000000000e+02 4.000000000000000000e+00 0.000000000000000000e+00 3.113862504238845706e+08 3.050368589291117191e+08 3.624559103115839362e+08 3.616532003308387399e+08 2.879325101375579834e+02 2.770000000000000000e+02 1.970000000000000000e+02
1.700000000000000000e+02 4.000000000000000000e+00 0.000000000000000000e+00 3.061392064727174640e+08 2.977061679707271457e+08 3.638634344814271927e+08 3.635813456691786051e+08 2.424668438434600830e+02 2.350000000000000000e+02 1.550000000000000000e+02
1.710000000000000000e+02 4.000000000000000000e+00 0.000000000000000000e+00 3.055320318844351768e+08 2.962799914179385304e+08 3.650544556671712995e+08 3.645735062206131816e+08 2.176817588806152344e+02 2.190000000000000000e+02 1.390000000000000000e+02
1.720000000000000000e+02 4.000000000000000000e+00 0.000000000000000000e+00 3.044992283737614155e+08 2.969792070239691138e+08 3.669665277196460962e+08 3.665477700923566222e+08 3.544572281837463379e+02 2.910000000000000000e+02 2.110000000000000000e+02
1.730000000000000000e+02 4.000000000000000000e+00 0.000000000000000000e+00 3.150983018653005958e+08 3.092372203159701228e+08 3.691004310548697710e+08 3.685179983643295169e+08 1.909369010925292969e+02 2.050000000000000000e+02 1.250000000000000000e+02
1.740000000000000000e+02 4.000000000000000000e+00 0.000000000000000000e+00 3.073530343099820018e+08 2.995843714104827642e+08 3.618072311752117276e+08 3.615285945647737980e+08 2.764851388931274414e+02 2.400000000000000000e+02 1.600000000000000000e+02
1.750000000000000000e+02 4.000000000000000000e+00 0.000000000000000000e+00 3.166544236032400727e+08 3.080554920843327641e+08 3.667115020657882690e+08 3.660053523429836035e+08 1.732994019985198975e+02 1.930000000000000000e+02 1.130000000000000000e+02
1.760000000000000000e+02 4.000000000000000000e+00 0.000000000000000000e+00 3.217217157483108640e+08 3.153764725031962991e+08 3.641729563462517262e+08 3.633122180011578798e+08 2.125307359695434570e+02 2.320000000000000000e+02 1.520000000000000000e+02
1.770000000000000000e+02 4.000000000000000000e+00 0.000000000000000000e+00 3.126049790494337678e+08 3.064600668885344863e+08 3.629563135512332916e+08 3.619873087228788137e+08 2.110016789436340332e+02 2.130000000000000000e+02 1.330000000000000000e+02
1.780000000000000000e+02 4.000000000000000000e+00 0.000000000000000000e+00 3.024297855325742364e+08 2.940628236803321838e+08 3.667999820522930622e+08 3.665235777914276123e+08 3.084679470062255859e+02 2.630000000000000000e+02 1.830000000000000000e+02
1.790000000000000000e+02 4.000000000000000000e+00 0.000000000000000000e+00 3.318909755834680200e+08 3.260928725189757347e+08 3.723948769398202300e+08 3.721127826249745488e+08 1.507969608306884766e+02 1.820000000000000000e+02 1.020000000000000000e+02
1.800000000000000000e+02 4.000000000000000000e+00 0.000000000000000000e+00 3.029836402432403564e+08 2.943634983906990886e+08 3.576807357185844779e+08 3.565355747838226557e+08 6.998412699699401855e+02 4.800000000000000000e+02 3.990000000000000000e+02
1.810000000000000000e+02 4.000000000000000000e+00 0.000000000000000000e+00 3.037719771356789470e+08 2.937756958751966357e+08 3.715852729922477007e+08 3.716759515802598596e+08 2.525160849094390869e+02 2.380000000000000000e+02 1.580000000000000000e+02
1.820000000000000000e+02 4.000000000000000000e+00 0.000000000000000000e+00 2.939554181903112531e+08 2.848714015337858200e+08 3.695032189515593052e+08 3.690759541689913869e+08 4.174930529594421387e+02 3.300000000000000000e+02 2.500000000000000000e+02
1.830000000000000000e+02 4.000000000000000000e+00 0.000000000000000000e+00 3.007680849054996371e+08 2.959197288549326062e+08 3.633632570750040412e+08 3.630540637823588848e+08 7.343720738887786865e+02 5.990000000000000000e+02 5.180000000000000000e+02
1.840000000000000000e+02 4.000000000000000000e+00 0.000000000000000000e+00 2.973014653663620353e+08 2.887697193555132747e+08 3.640604955065913200e+08 3.631712048152202964e+08 7.003793900012969971e+02 5.320000000000000000e+02 4.510000000000000000e+02
1.850000000000000000e+02 4.000000000000000000e+00 0.000000000000000000e+00 3.174203538601537943e+08 3.097734832875756025e+08 3.647664111836655736e+08 3.640218312456663251e+08 1.099813771963119507e+03 6.600000000000000000e+02 5.790000000000000000e+02
1.860000000000000000e+02 4.000000000000000000e+00 0.000000000000000000e+00 3.107625384895550609e+08 3.048980526297407746e+08 3.626413217480503321e+08 3.621179335787522197e+08 2.230101859569549561e+02 2.290000000000000000e+02 1.490000000000000000e+02
1.870000000000000000e+02 4.000000000000000000e+00 0.000000000000000000e+00 3.153991989143472910e+08 3.101273840264616609e+08 3.731161084424861073e+08 3.728821409587889314e+08 5.555378060340881348e+02 4.480000000000000000e+02 3.680000000000000000e+02
1.880000000000000000e+02 4.000000000000000000e+00 0.000000000000000000e+00 3.208756321646468043e+08 3.144698657114815116e+08 3.673431853908749819e+08 3.669749093519465923e+08 3.930975198745727539e+02 3.450000000000000000e+02 2.640000000000000000e+02
1.890000000000000000e+02 4.000000000000000000e+00 0.000000000000000000e+00 3.029714596366326213e+08 2.958309586475566030e+08 3.624401213042914271e+08 3.616864872335190773e+08 2.241926951408386230e+02 2.330000000000000000e+02 1.530000000000000000e+02
1.900000000000000000e+02 4.000000000000000000e+00 0.000000000000000000e+00 3.167233570938557386e+08 3.082102581208305359e+08 3.714251260967047811e+08 3.711261949819549918e+08 1.438208429813385010e+02 1.790000000000000000e+02 9.900000000000000000e+01
1.910000000000000000e+02 4.000000000000000000e+00 0.000000000000000000e+00 3.241309487110779881e+08 3.178673444451166391e+08 3.693894622880209088e+08 3.689025439479808211e+08 4.132360107898712158e+02 3.800000000000000000e+02 3.000000000000000000e+02
1.920000000000000000e+02 4.000000000000000000e+00 0.000000000000000000e+00 3.175342864106420279e+08 3.093174719973334670e+08 3.657658476030050516e+08 3.645897150374743342e+08 1.803857829570770264e+02 1.960000000000000000e+02 1.160000000000000000e+02
1.930000000000000000e+02 4.000000000000000000e+00 0.000000000000000000e+00 3.110726597722516656e+08 3.035287454758526087e+08 3.592086192839586735e+08 3.578155969346513152e+08 3.999207668304443359e+02 3.530000000000000000e+02 2.730000000000000000e+02
1.940000000000000000e+02 4.000000000000000000e+00 0.000000000000000000e+00 3.070770386771498919e+08 2.998252400132898688e+08 3.647509271541322470e+08 3.640967202934243679e+08 2.209082531929016113e+02 2.200000000000000000e+02 1.400000000000000000e+02
1.950000000000000000e+02 4.000000000000000000e+00 0.000000000000000000e+00 2.995121678315122724e+08 2.891588068403397799e+08 3.629231537159760594e+08 3.621290225076273084e+08 2.170538139343261719e+02 2.220000000000000000e+02 1.420000000000000000e+02
1.960000000000000000e+02 4.000000000000000000e+00 0.000000000000000000e+00 3.092661456841720939e+08 3.026380700991953015e+08 3.630967312297127247e+08 3.620521837061098814e+08 4.638810029029846191e+02 3.630000000000000000e+02 2.820000000000000000e+02
1.970000000000000000e+02 4.000000000000000000e+00 0.000000000000000000e+00 3.046478755898317695e+08 2.964411607667071819e+08 3.605118868590789437e+08 3.600684239308969975e+08 2.398978259563446045e+02 2.300000000000000000e+02 1.500000000000000000e+02
1.980000000000000000e+02 4.000000000000000000e+00 0.000000000000000000e+00 3.130261673457226157e+08 3.057800061660167575e+08 3.653456729363350868e+08 3.647718286700680256e+08 2.078004469871520996e+02 2.150000000000000000e+02 1.350000000000000000e+02
1.990000000000000000e+02 4.000000000000000000e+00 0.000000000000000000e+00 2.931065864732815623e+08 2.842870321928183436e+08 3.634832947241044641e+08 3.625889643719260097e+08 5.193398909568786621e+02 3.140000000000000000e+02 2.340000000000000000e+02
