888149.075415
882047.540491
889178.938271
880511.429839
892674.486632
891916.059374
881363.304108
887456.689163
880023.904562
889393.946902
885835.323036
881981.716298
880487.048692
889054.001605
882637.45144
888176.841939
884212.457378
888449.811182
886635.928687
892007.519001
883050.082548
889461.533222
883957.8292
879086.471512
884276.610353
891227.13231
891006.447352
879147.988611
883596.025281
884266.458914
880664.792837
873049.951046
880596.033029
887826.216137
885349.041568
886824.505714
879391.749009
887783.088833
881106.249433
890500.111719
883820.570231
880271.94642
888930.944733
892719.886631
884603.215207
887619.472411
881027.039688
888899.252191
887020.852963
881578.156192
876034.257334
884571.076263
888180.49099
891901.68963
884612.93211
884562.365276
881617.01307
889981.571979
881888.354706
891154.322036
880696.12613
878923.934482
886329.312185
879154.251441
878198.67101
877648.464345
878839.255365
892230.857433
880365.817116
889255.622915
889984.221135
880292.712717
884075.810138
875121.804659
892462.40012
884558.83618
880451.274459
882575.901632
881223.105505
881446.618264
879389.887476
883663.654587
886823.376483
881930.40345
878857.392175
882996.055282
887425.973451
881759.895338
883605.847069
880693.457717
886198.286581
882589.354219
883461.273605
890118.491693
883455.645859
891589.246575
878799.095402
884397.513006
883765.773394
886160.211559
881815.760998
891921.97801
881284.041299
878987.814443
884829.701817
882424.646334
886948.092398
888663.172643
891438.977427
877273.47392
