838576.413995
885657.012655
883623.413511
871273.706477
849149.353715
881594.553786
844096.039991
844810.407778
874726.641553
872597.263465
884888.26434
880073.777923
875024.950503
858457.197855
877120.242477
829431.329857
874040.16302
850841.470735
831140.126519
850841.470735
846776.425352
880294.630252
877482.020393
879916.649687
885052.592698
873471.378438
849149.353715
876740.104158
872575.035525
883543.189851
832793.696779
883242.083198
883641.94914
884888.26434
833615.292696
883785.491953
850618.917899
847555.279
874037.940915
884751.123203
886639.398754
878561.276431
883980.186407
849772.69999
877659.919082
878016.053927
884888.26434
837338.5154
880942.225293
874617.021658
879023.220961
849149.353715
853148.446016
848707.241565
852929.912719
876369.425056
850380.6096
847608.468972
874040.163019
844810.386671
877920.24404
851991.74446
885125.100048
879064.978712
856827.900193
866106.0025
883242.083198
879608.362739
874820.80871
875618.029737
842943.656544
877846.373872
868461.948023
883641.94914
851404.779278
849772.699991
885657.012655
876948.628973
875042.184663
832716.035597
832793.696779
865822.532659
872237.37495
873874.001434
845591.766494
877819.660237
885241.357232
878016.053927
829431.329854
884851.651786
875454.348046
879088.148155
879556.210984
872237.374951
868461.948023
881901.493407
879278.253631
876276.437745
864049.881534
879278.253631
878322.531417
873309.98217
885657.012655
848851.880985
867337.663346
847869.881779
843240.703843
872575.035525
877960.941498
883237.142281
857060.249189
863730.928677
871504.128415
