1309507.4877375762
1308005.007857323
1307972.732913321
1310615.6337065932
1309681.6391762225
1306280.479039519
1309808.0184081302
1305253.736614993
1310598.9775629963
1310530.3772524176
1309809.5908287796
1309203.487057261
1311925.6333587107
1313015.2309511346
1314835.994987042
1308878.783435479
1306327.0536932545
1306393.8909124886
1309653.9292358626
1309396.9722835652
1311472.7292028845
1310840.7146225078
1311684.9651294958
1306076.1670307901
1307369.0377265906
1309381.4675685822
1310675.3725750863
1311728.4952795343
1306842.7940430923
1307705.5593952783
1308475.7738566992
1310842.963054482
1309267.8109563189
1306834.3920203964
1311223.2501462197
1313413.247502285
1307339.338994644
1307753.9673535456
1307227.0811057575
1314656.2127078886
1311647.3945134843
1313227.2699531603
1308031.0614720497
1308817.4482796087
1307091.1150188064
1310711.973836471
1302156.8105029939
1304194.4076901507
1310640.1841016274
1311917.5871662549
1310248.733314595
1311688.9833408438
1307065.6664436813
1304870.515708649
1307647.7975154063
1310337.5559784237
1311381.3535068904
1315815.5893947128
1314833.8909384166
1313371.4159679906
1309637.237404857
1311732.831228742
1312165.526732558
1313109.5221594195
1306508.9268485792
1309147.0089234593
1308319.8492431368
1309348.2940977898
1311889.8213186369
1310416.1162334194
1307504.7677788595
1308747.082841133
1311013.9210783155
1312816.9141244413
1302022.9553772372
1307098.065586345
1310372.1051815932
1304390.7033874998
1308938.128820697
1309555.6023834958
1306982.0517987646
1309212.7359773477
1314138.3827651073
1309675.1682433838
1306533.845474772
1310238.136538341
1311483.2982989198
1307677.183961316
1310875.0213969902
1310287.6936191297
1306201.7596806209
1310448.832390415
1309482.9050267944
1311465.8964551855
1308596.5114728766
1312233.5484868628
1306767.0711773813
1307095.4543842827
1307608.7756555155
1310605.370881256
1307676.5741989885
1310976.9933003609
1310217.351737957
1310625.3609382033
1310443.871183625
1309037.010380459
1305586.4251758035
1313217.025434803
1307923.8103874307
1310697.0240615201
1305826.3643339272
1307872.7708077547
1310610.1448390053
1310647.0465586765
1303004.2415653272
1308105.4166655808
1308513.6286665958
1311315.733922838
