1440157.870663181
1429702.5540713759
1430948.4851418296
1435417.7714399626
1437266.2559252183
1439237.1140176153
1439489.3071603947
1441078.0836817103
1438226.3946967789
1437584.0300634282
1434268.5806930962
1432733.6457333982
1429155.9718416156
1430999.4355988007
1438771.502168714
1442475.1278986107
1437756.8231208911
1432047.7843489249
1441558.7986120668
1435484.17037302
1442185.738854518
1429261.0756757644
1441178.4258734586
1438720.1940719383
1444130.5355461645
1438905.2940595443
1435505.4389084924
1436414.248144639
1439525.900655756
1439356.5050145537
1428852.8076421425
1439379.827102706
1434948.8073158765
1432939.5407457321
1434060.4150135417
1440961.8302710045
1430629.4885985998
1437588.6442637828
1431492.3240412918
1439319.2369418999
1439576.415105147
1437607.8491564665
1438858.5485990136
1429648.4150139291
1427384.9546712635
1440472.857205781
1440595.6499443532
1436940.4006305567
1433631.7371790328
1432462.3570543525
1439162.753418782
1439477.946046283
1442385.1200030982
1439741.2141357488
1441585.385313092
1437317.8516524278
1434692.4166186769
1432680.083648855
1436634.8162264493
1434625.3437726498
1436995.7447367168
1429997.8647256235
1440331.245358098
1431187.2149606906
1442662.7667033554
1434502.4722520006
1434212.7304235331
1434418.1868705673
1437847.1742884659
1432523.5482053529
1434267.4657846228
1440886.1362430537
1440374.8860048258
1442858.6485561472
1435625.8846851334
1441161.1761198812
1434029.3951086747
1432755.9670600023
1437917.8630897726
1442403.6788113387
1442952.8922752608
1437544.163607192
1437365.5485163708
1430259.3312998577
1433913.068318451
1439219.1602293593
1434199.8177567252
1440535.316565938
1436181.0081247394
1438715.6775039071
1443612.7204088918
1436734.1794503147
1438854.293745159
1432047.5869064936
1437197.2507800348
1435099.2658956065
1438167.2613023631
1434089.2119617152
1435071.2068754553
1443510.4714130356
1438827.8454960107
1435375.7175627716
1435786.2451111923
1437182.6333537747
1433479.7251259761
1436195.980592367
1433021.9102170274
1438789.4453215974
1441872.7993958003
1438882.6979378785
1430290.025202305
1437204.7645026809
1439675.599671984
1439370.1414315666
1430665.8984700795
1437224.5032885405
1438052.0052308887
1439877.335059501
1441438.224263589
1443405.237934947
1438389.5911940965
1434517.3042534075
1437383.0319598787
1437661.3752823207
1437124.2298083066
1438744.5455424893
1434959.15977214
1433342.0696128327
1436387.2391572415
1434564.248808007
1434753.2355991823
1441703.8578578413
1435701.4132924427
1437106.7918441263
1435941.0988913965
1438808.2075982145
1434167.7314068377
1437624.876078484
1432716.7959877907
1434382.6153734857
1442099.3722179732
1438986.850483405
1441031.7968643454
1440351.4361043219
1436547.609827668
1440374.7860509395
1440544.8812502113
1442170.362510684
1435630.2998109073
1440274.6224676843
1442763.6781759174
1436644.0066901052
1440899.2616559295
1440361.8139597045
1433843.1193735374
1442414.381533287
1441244.5405964558
1440731.6865902191
1435813.9223489887
1432992.302875279
1436317.576133951
1438086.1435294948
1442156.4762711504
1439659.3887349546
1431757.8740808193
1433026.566732041
1440051.222530952
1439959.098243314
1439425.0632800828
1438642.3327165325
1435933.1368917448
1437803.4186131605
1438256.0664129118
1438321.6946769576
1439071.1380491965
1431197.2513602865
1433983.5064752526
1432350.8692498652
1432963.4460723877
1438285.3267195176
1439460.7551046067
1436353.5135963168
1440019.4221997112
1437304.7515922817
1442852.619090428
1440478.4850038236
1435871.3368299683
1436538.5020487153
1438051.0673969595
1442046.0757471772
1434522.937736183
1430875.6287547906
1439259.9924187064
1436762.7283326075
1437772.227301226
1438367.0607338077
1438246.591128736
1435643.0121245452
1439855.7643868253
1431425.4992622896
1442440.0146443907
1432267.1391905902
1438125.1161194702
1441229.4471825396
1436571.1142475002
1442392.090460457
1441135.0603018529
1439280.0544992057
1439966.1920337377
1435214.1507800943
1438614.6861932636
1429422.0425719735
1431325.5604418744
1438674.544942831
1433174.9787407434
1437305.2135162468
1441121.64841236
1434528.724627201
1443722.454409371
1440190.3564344125
1439784.1548289547
1434252.6944375238
1436483.3547153047
1438472.1132943216
1437302.3364550006
1432845.1330253899
1437512.6541265233
1439652.7809271505
1440398.087151073
1435085.820400351
1435948.4209105086
1434976.192110999
1436438.3874475062
1440054.7305167005
1434240.7420963494
