1229532.093874681
1259051.6321158041
1241672.1226471388
1244186.1005044354
1257843.7260772954
1257842.044143739
1257843.72609054
1257842.0440964908
1228993.436411611
1257843.7261030388
1239307.690505408
1242157.8008714882
1237365.5119296056
1244186.1005043932
1257843.726102599
1243944.169231292
1257843.7261036104
1238127.214945791
1257842.043954802
1229499.533245439
1259042.4317787846
1232790.5940759038
1233121.064760023
1257842.0440829734
1245605.880775705
1244211.3664557552
1259042.431788139
1259035.8726351855
1228993.4364108555
1230802.8881390837
1232730.2368651116
1239246.2885464441
1237350.7385489556
1259035.8714819478
1257843.726101775
1244119.9332763467
1257842.0441237749
1244186.100501381
1259051.6318968756
1244119.9332675668
1232790.5940747685
1259045.3626596946
1250919.6393924532
1239359.2430830419
1237671.8361628414
1239311.9016847676
1259051.631497978
1259045.3637072304
1244119.9332761718
1245575.8043004188
1244929.7715680397
1219633.3307511474
1243951.521399209
1252930.3114645444
1232730.2368599155
1241601.1240450232
1230189.3852820185
1244211.6840666558
1259042.4317871507
1237582.1316639609
1259042.4317864657
1244186.1005017208
1244098.659686539
1229513.4456074843
1257842.0441419547
1223077.5135680633
1257842.0441416833
1239307.6905085347
1259045.363633562
1257843.7258654474
1252930.3509140948
1230189.3656309168
1259042.4317880892
1244119.9332763809
1259045.3637284888
1228328.3906832738
1228449.772170521
1233120.929726248
1257842.0441406071
1245666.0179538974
1233121.0647600684
1245710.7029995422
1250906.5012690185
1259051.6319547489
1259051.6321162586
1239307.6905081675
1245666.200805298
1257715.1667836988
1229532.093874635
1242157.8008835085
1238479.455241522
1259045.3637394975
1244119.9332764146
1252892.8248684886
1257843.7261037105
1242104.4746522075
1244186.1005042524
1259045.3637415709
1228365.5419148284
1239307.6905081598
1250906.5017081902
1257843.7260866805
1230189.3515412484
1259045.3637408451
1234260.1169584931
1244186.1005040116
1244119.933276488
1228877.4105910016
1245666.1985209023
1259035.87264211
1259045.3637112281
1257843.726103546
1238127.20718843
1239246.2885509224
1230189.3402774655
1228959.4132530724
1244953.3856894132
1245605.887208753
1259042.431781559
1259051.632115298
1233065.7224854159
1252927.8565764923
1244119.9332647366
1248993.2444400673
1245345.2307038293
1257842.0441385277
1257842.0441163704
1228993.436411644
1233121.0647600624
1259051.6321137035
1241624.2595303557
1259042.431753589
1259051.6148469478
1259042.4317871805
1242157.800884241
1244929.7715711596
1207846.5587595354
1252892.8532100553
1237362.3190020134
1244953.3856891985
1259051.6321161613
1245666.2008163566
1239311.901684334
1228959.413252658
1252930.3504240394
1245666.348384798
1244186.1005038642
1230189.348777415
1238257.4864138714
1244186.1005040412
1239311.9016843115
1239359.2431220214
1257842.0441409345
1242104.4746521853
1257842.044143503
1257842.0439426356
1245605.887825987
1237671.8361628398
1232790.594076268
1245666.1971273816
1259051.632106131
1259051.6320238395
1259051.6321154798
1228366.3683136608
1228843.4710502208
1244687.0974366337
1233065.7528957839
1259051.6321160095
1252892.8530798757
1244119.9332731995
1239359.243122002
1259045.3637406388
1245604.8608313731
1239359.2431220196
1259042.431778821
1244186.1005025725
1229513.4456073819
1242104.4746522098
1252892.8532911374
1237671.8361628414
1239246.2885508048
1238459.4463941827
1242157.8008843672
1241591.796434652
1259051.6320948245
1257842.0441425454
1238572.657656981
1228449.8401373054
1257842.044103855
1257842.0441178593
1250906.5016886943
1259051.6321147992
1239307.6905077896
1259051.6311171588
