21
24
24
26
35
37
41
42
42
42
43
44
45
47
48
48
49
49
49
51
54
54
55
55
57
57
61
62
62
63
65
65
66
68
69
70
74
74
75
76
77
78
79
80
82
83
84
85
87
87
90
91
94
97
96
99
102
103
102
104
32
107
109
111
112
108
113
113
114
117
119
121
122
129
134
136
136
137
66
140
43
143
140
31
49
64
145
33
148
26
54
153
155
157
41
61
162
70
164
63
97
41
171
47
85
67
90
35
180
36
43
66
47
30
185
46
46
58
82
195
77
197
83
76
88
75
207
107
73
44
45
116
83
28
33
112
64
223
224
35
66
131
131
38
126
143
68
114
133
72
54
52
130
57
60
144
70
121
18
158
60
59
88
186
116
116
45
54
131
49
55
111
71
24
122
74
155
30
188
68
59
169
84
126
194
73
155
116
115
151
126
58
45
55
