954863.056918
960125.095332
952970.560584
952511.113843
956172.382693
954925.556395
959276.868941
958133.84252
955465.601834
960019.865525
956989.230363
952822.092117
959625.75605
960027.19296
956595.244009
952335.876115
955123.243907
958369.012217
954645.75304
959333.944083
956586.080237
954957.546525
959109.94549
957957.039912
957331.654261
956190.517417
959588.140177
959978.973128
960088.472093
954351.624664
955451.917532
960274.289533
953794.158607
956999.842866
960140.66309
956742.997619
954174.422878
955605.081639
957661.786142
954980.794903
954494.448275
956383.871832
955243.703087
955991.894089
953942.155619
948742.174606
952752.545771
959279.357027
953763.540323
954601.935657
956588.596247
957912.295557
952786.173133
956721.784116
958793.158266
956719.842619
955520.53437
960352.923286
954919.057186
955022.005958
954522.062563
957181.747167
957491.227008
956692.742196
957846.270288
955049.186824
955530.144674
958958.192237
954596.592684
957021.062123
955176.284641
953993.74593
954966.470817
951686.448335
960288.432743
956372.797737
954660.49087
951864.39786
956303.85596
955990.77795
960579.846175
957894.233239
952985.164556
959304.743594
951558.68674
953209.239314
953088.792809
951651.643066
953963.831913
958891.241691
954651.308672
960932.660336
956061.933504
956703.916605
955042.531273
960132.245073
954618.094509
959955.85155
957309.009078
955484.440674
957578.478169
