1310211.0587212215
1298121.3855190175
1309908.2284135749
1310185.585932474
1309897.420760492
1321373.4257267897
1310259.9559883783
1316594.3562896405
1304889.8241031794
1311598.9678539273
1307303.3739057346
1321172.336089144
1310931.4515545429
1311010.4664850188
1307311.4172794218
1298119.3462744635
1302910.6559697143
1311652.204489413
1311322.2724492145
1321423.5713745388
1302968.5852112088
1301091.6048377631
1321178.1978271978
1297094.0370025006
1318305.2196724555
1321178.4273876604
1298238.9411698445
1302899.3330830352
1300772.466548711
1302909.974494415
1304890.390046914
1301256.967850871
1320589.5871414894
1311653.0680125093
1311298.252720231
1321187.4322193924
1316587.9870704848
1311295.2440330063
1311323.186928451
1301099.3053505674
1302914.0148773487
1318644.5070603942
1305261.4406365682
1305078.4419510309
1321423.57182612
1321429.8945051455
1296840.1210163268
1315943.9731663815
1311648.3080768897
1302922.1147917653
1301257.7003458017
1310267.3012970646
1301009.9626288544
1305261.6267895617
1305261.626483563
1311487.3735309378
1302891.5172024306
1310267.3436349174
1307320.5729849243
1311601.3192958308
1301083.302395062
1321424.006625763
1298156.0344158001
1321178.4376039295
1309933.124350011
1321423.2603285227
1311293.0271978204
1310267.343847722
1318665.987331813
1311655.9328185557
1297094.319176069
1310162.5353367967
1321183.4367306768
1321178.3540527595
1301257.6866429558
1301087.769185089
1321187.0533162635
1321188.5590370195
1321423.5713253776
1305184.7548775445
1302962.0770366392
1311319.2166209333
1321429.88593513
1296941.3075827672
1311499.6817409727
1307320.3590241224
1316587.9864905362
1321429.191698846
1311655.963072849
1318660.376862458
1316578.2999541208
1309908.3934235268
1302975.3037171464
1311498.9269169376
1311035.0361316341
1302864.9710018616
1298162.099786903
1318704.815105939
1311031.3650878195
1318643.4398992816
1311478.1626711877
1318291.965329017
1318911.530360575
1310267.3411036872
1311491.0652278126
1316584.5821302393
1311035.559539997
1316594.184839037
1303508.2579757068
1301257.7001582
1301083.4932077762
1307315.1554987163
1301088.3566289104
1310267.0879519642
1305261.6270343862
1318660.378110228
1316582.816392318
1311022.0622715284
1318657.863889257
1316584.5842971778
1311651.8810329286
1307317.4689265904
1310942.9274093849
1320582.0183875556
1307320.5305313836
1307307.2461644823
1318704.8139046119
1311622.79694913
1310947.4696426988
1307311.3049382712
1321430.2492925515
1296862.225179483
1297061.5361394335
1302917.3457619143
1321176.9460988413
1321424.0198926444
1321178.4303877004
1296837.7655224267
1296840.0037618699
1302971.6982833857
1302964.4085627913
1297224.980474452
1298037.2665337666
1311641.411517427
1321423.5468713725
1318275.4111678952
1301096.5903128134
1305055.269788471
1321178.4040060418
1318701.8640986688
1298233.151379607
1301097.0092424664
1305263.663904166
1309887.2826498784
1296478.837501369
1318838.1287922934
1318704.8151120923
1296891.371329898
1307092.8430621845
1305263.6612556202
1310234.2821795736
1300835.4328129797
1318262.9187715221
1298124.8349312157
1307077.4766412524
1311478.504390801
1298161.2289627688
1306954.0761166483
1296840.1514868697
1305261.8186900986
1305261.6270247514
1311655.0538314357
1310267.3459172412
1297092.9409053246
1318669.6877858397
1316588.57473235
1311445.992540792
1311656.1944816287
