1347620.43951
1328776.15111
1348107.9825
1347703.49595
1348117.68485
1360955.2908
1347726.93405
1354458.56589
1338231.73492
1347684.83524
1344211.14912
1360647.10926
1347962.58923
1348052.58418
1344202.50964
1328959.13983
1338378.24264
1347669.6941
1347870.80436
1360845.5583
1337854.93686
1333315.17078
1360627.46168
1326216.18851
1357393.4888
1360627.46217
1329483.40199
1338544.38605
1335098.02845
1338538.34557
1338190.47593
1333163.53573
1360790.50077
1347673.01621
1347867.12166
1360728.97441
1354527.9245
1347946.70725
1347881.06016
1333244.48466
1338564.63876
1357461.15158
1338287.17176
1338393.30929
1360845.51042
1360812.44797
1326239.63982
1354448.09096
1347717.91683
1338640.48035
1333169.91336
1347721.72287
1333277.54924
1338291.67676
1338291.28515
1348216.31284
1338499.92413
1347722.06181
1344209.31407
1347633.16245
1333346.92052
1360836.3184
1328904.63943
1360626.61051
1348069.09159
1360853.55234
1347883.89871
1347721.85241
1357436.41492
1347721.37873
1326218.1465
1347695.74615
1360727.48507
1360624.45592
1333168.96283
1333392.32656
1360749.85898
1360729.26358
1360845.62124
1338712.56304
1338065.6661
1347839.10638
1360814.61525
1326302.74622
1348110.92805
1344210.44828
1354527.81127
1360820.37673
1347709.20664
1357502.26551
1354500.8664
1348105.48141
1337877.51058
1348138.11196
1348089.58989
1338652.43278
1328947.29386
1357898.72856
1347910.8497
1357474.26462
1347522.67247
1357588.48273
1357747.81804
1347720.37783
1348185.18016
1354444.96672
1348092.466
1354454.62734
1339130.4665
1333169.72535
1333336.2488
1344196.96915
1333413.98055
1347727.19296
1338291.63868
1357501.75018
1354431.30639
1348075.96715
1357366.84761
1354445.32741
1347657.14596
1344191.1613
1348028.41626
1360782.72036
1344212.32273
1344185.73529
1357898.45937
1347681.37972
1348028.28835
1344191.55637
1360824.13791
1326168.18018
1335490.92827
1338348.76357
1360635.14156
1360838.83453
1360626.99087
1326224.59171
1326238.96743
1338689.1769
1338000.18824
1335692.56741
1328553.17184
1347650.03718
1360845.49633
1357465.39422
1333236.34202
1338620.82106
1360625.91098
1357896.54298
1329208.39601
1333237.29057
1338323.12668
1347980.30513
1329921.5343
1357634.06454
1357898.70716
1326356.4959
1344664.26126
1338321.72656
1347705.42816
1332984.41961
1359435.81327
1328220.33152
1344650.85287
1347550.038
1328947.61271
1344307.91375
1326243.42647
1338314.97987
1338291.48205
1347707.44138
1347720.77403
1326219.99906
1357379.45091
1354486.83758
1348106.89511
1347715.03215
