1328050.8097200685
1315883.9910106487
1321469.204159989
1311860.4564526314
1315275.246540353
1321246.3539270607
1321523.1693518085
1305694.9153287492
1311872.8023071622
1309564.5730049198
1310119.1778614768
1310312.20432437
1310387.0962398648
1307254.5698456918
1322997.9369343014
1308258.1314606834
1310878.342051207
1322644.6437445185
1308258.1163841358
1310387.3760045234
1307254.3379988882
1310383.673508084
1329372.7604448313
1307346.969510353
1306284.506430931
1329247.1840916867
1301939.4253367
1313991.8931437442
1323072.8494580921
1329258.7264849984
1328835.9177130915
1306860.5246460112
1321417.490634089
1308250.4000562576
1327722.400298598
1328835.9631374013
1328138.243215218
1315894.5474234754
1331333.0339552658
1310900.6265514074
1331340.6592818862
1314461.5925071323
1325133.4756210945
1312102.3455142747
1328145.9453263155
1314324.3866091098
1310950.0815478002
1317922.0844395254
1328408.799857137
1329290.2580739423
1306892.560419264
1306790.0197077887
1310277.8908582956
1328860.7758509761
1328520.0646095653
1325809.6081946192
1312377.4440770869
1322608.0212997145
1328010.4103208221
1312693.473473936
1306797.4139606678
1310979.2621551976
1310142.682737947
1298571.1932924846
1312693.4734047123
1310562.114655372
1308315.4372243672
1311302.6502949807
1310609.1824874913
1320609.7203727134
1325824.6777105792
1316790.7724075522
1328088.5733150777
1327321.6648694796
1310038.2353222559
1306292.9043285311
1325414.647228247
1308315.4405109545
1311407.6915092466
1310383.8544937107
1310611.648992474
1308589.346693814
1308018.2588251724
1309967.5413229596
1306292.9033644143
1310540.3907666095
1328999.662261653
1329852.5399463756
1306795.1138631122
1320627.1478603003
1309653.859035321
1299876.603340266
1328143.246474063
1309700.727866703
1321876.987131478
1306985.6752753523
1306030.9907153659
1328408.7988021697
1321928.9935197316
1331340.662503046
1312102.345973973
1311868.933695354
1312120.9814295403
1308273.1312107493
1310539.9346365079
1301939.138715428
1313990.118968736
1308573.1926095332
1329343.1647045277
1298094.7108768125
1309580.9099841714
1316852.0770577553
1315285.4933833878
1315275.8214495117
1329258.7214528846
1311355.3123026548
1327758.5004522118
1331337.7917801428
1320368.5106791093
1321877.056429796
1322605.0713250819
1308487.8073064857
1315326.6054934424
1306292.7697357032
1306331.7191606334
1327732.8191505866
1329255.1367522662
1313834.6099736698
1314129.8926408545
1310387.110223911
1306797.6735238233
1321954.1792834534
1328861.1862714353
1308320.7759544838
1305393.2151429676
1319534.9178827608
1307744.8077689137
1309943.7256667847
1307819.364512756
1329852.5447620277
1310611.649003524
1307080.7414100876
1307216.3364916726
1328408.8000747033
1310397.9476243814
1321251.104140496
1307306.540272036
1315894.2974721065
1306797.401862974
1331340.6594739384
1298333.1107938853
1321469.4092926611
1322359.0594752568
1308487.7887065122
1310979.2116580845
1310139.3205296113
1306292.7866817433
1328408.7992425025
1312102.346764534
1321399.2101203713
1313823.1207281142
1327958.1926324584
1306964.8347920906
1313158.5385265187
1316791.3059890608
1309578.283070418
1329341.1770896453
1321959.2393025474
1310245.765154371
1328408.7900669936
1314268.20663606
1319326.1359440603
1313991.871614735
1328784.0489868687
1310950.039513519
1311407.7194082923
1312817.4757464565
1308315.4479250838
1325824.9289926896
