1369430.5632
1352202.43382
1356978.35565
1347599.64381
1352369.84906
1357442.79106
1357477.54283
1333680.98452
1347667.45732
1340224.91058
1341094.87272
1340960.18555
1341204.44879
1336335.77833
1359622.34407
1336880.93162
1343772.89948
1359330.52346
1336880.98794
1341200.37445
1336329.64672
1341203.66837
1369599.45516
1338035.85838
1333728.71893
1369657.72411
1328116.38015
1348153.754
1359840.10589
1369571.65735
1366580.55402
1335942.1503
1363534.94803
1336900.51535
1368358.96901
1366576.14514
1368326.99861
1352202.03287
1370108.53573
1343966.33722
1370144.71767
1351803.16563
1363159.88329
1347485.54824
1369352.48183
1350341.05682
1344605.24622
1356148.79796
1366319.99552
1367225.67583
1336693.98018
1333450.30018
1340715.48526
1366658.08701
1369523.65012
1363742.8048
1346667.14881
1359660.11827
1368852.77751
1348531.3035
1333515.59959
1343339.35998
1344880.48359
1323229.21606
1348531.30781
1340439.88722
1336220.83247
1343487.9966
1347055.608
1356801.64691
1363697.84404
1351349.54007
1367646.71103
1368840.25684
1340852.72032
1333752.33924
1366976.13895
1336221.73631
1342239.03767
1343273.97485
1346918.24994
1337069.38697
1339702.0053
1346386.28879
1333751.7136
1346816.85562
1367380.75869
1367449.49031
1333479.9411
1355561.76898
1340666.41091
1326805.99222
1369364.45735
1341532.58118
1357658.59475
1337100.0667
1335546.65794
1366318.94997
1357058.23688
1370147.21542
1347484.44424
1347654.11366
1347552.28845
1336404.14256
1346808.59183
1328106.16981
1348171.9026
1337019.99044
1368064.97977
1334604.87255
1340324.35255
1352028.33539
1351387.19664
1352363.31484
1369571.68678
1344340.75773
1368312.84281
1370170.85883
1355624.47126
1357636.60088
1359659.47711
1337112.76908
1352125.78254
1333758.40408
1336193.85528
1365534.6108
1369595.77665
1347577.5766
1351148.51708
1341203.71354
1333510.40731
1357132.62191
1366700.63884
1347622.2526
1345966.08762
1354492.61112
1339406.41759
1341321.75156
1337922.16281
1367448.39863
1346918.23052
1336112.24416
1336882.2674
1366319.69905
1340858.75381
1356524.15907
1336209.85087
1352205.59167
1333513.27463
1370144.27652
1334377.75625
1356983.13436
1357616.7255
1337111.85953
1343337.76065
1346756.71451
1333749.80259
1366319.4735
1347484.8218
1356588.17036
1347674.67479
1367713.97418
1337436.70123
1349818.10526
1351322.08256
1340277.67101
1368063.45307
1357118.92856
1345205.50636
1366319.27469
1348936.78775
1354159.87742
1348155.287
1366832.12285
1344605.28419
1342238.38972
1346838.72618
1336221.5773
1363705.61619
