17
25
30
32
37
37
38
39
39
40
41
42
42
43
44
44
44
45
46
47
47
48
49
51
53
56
58
59
59
60
60
62
64
66
68
66
70
71
71
71
71
74
76
79
79
80
80
81
81
81
82
83
84
88
92
99
99
100
100
104
105
107
108
110
111
115
116
117
120
70
122
123
48
30
136
140
141
142
50
144
147
148
149
150
63
152
45
56
25
67
157
159
49
33
51
165
165
168
31
76
53
178
183
92
182
186
57
82
194
20
101
199
206
55
87
79
45
39
45
80
85
214
68
219
65
109
54
112
59
72
79
106
102
29
33
41
108
137
32
80
241
123
52
138
245
126
63
47
50
65
29
51
103
173
175
95
103
56
67
75
189
85
124
43
167
227
67
55
181
88
203
209
37
46
73
123
51
76
196
