886716.30971
917748.920715
922049.167073
919012.717876
917748.920688
917343.027633
923422.005565
902291.658901
886722.463513
917826.715317
923729.897091
914945.383922
915620.9072
917290.406508
927694.932959
920560.267106
886716.30971
880865.481244
923896.443295
921416.730417
914509.643172
913386.775903
923022.733896
914487.386569
904071.676896
896606.929096
918660.816802
888214.76269
923729.89709
923311.077033
921089.216598
909892.920539
910473.878054
917290.406807
884357.050364
874864.518601
919835.140366
920071.676668
914509.643172
925108.346749
888484.600179
914945.383922
922049.167073
906027.469513
927566.653256
903577.298972
921416.730418
903023.203231
908229.340404
916524.76046
905273.660011
892417.237739
897794.788274
886049.973027
919711.609021
898061.899437
907356.443256
916298.247591
918013.568689
919711.605027
923234.33805
921797.751544
925407.041623
898356.926833
921786.283781
901363.886942
898380.737435
903577.298916
888214.76269
866998.075272
888484.599902
902374.973387
922079.660475
914945.383922
909115.932471
886177.921134
916298.247591
895412.821061
905737.55156
923771.490405
924097.532876
924097.532876
892114.672884
898208.681063
917290.406807
914295.779737
927694.932959
884881.637038
925781.148366
916298.247594
917748.920825
886716.30971
911486.241563
901363.887056
925108.34675
886051.4257
908229.34039
923771.490464
907356.443256
923422.005566
920560.266895
909501.397877
897358.89762
882035.555601
905737.551561
897652.245114
927435.779003
899234.388245
897815.945316
907733.835925
898061.899436
919677.843778
927566.653256
915015.093988
895082.297017
919012.717876
921089.216602
908579.191838
899258.601259
921089.216602
871755.082445
928479.549087
901039.613696
917097.679855
895939.160601
922006.099081
903575.850841
925381.796024
927694.932959
907925.111457
888214.76269
916298.247596
884881.637038
923311.077101
917245.047176
919711.612916
917245.047196
909115.932471
903495.872748
903577.29897
909115.932471
886722.463513
903189.319328
881848.962329
919711.612911
909501.397877
895939.160601
885495.712989
897652.245114
919657.579931
922049.167072
923771.490462
923422.005566
917097.679855
910306.350123
922049.167072
916298.247596
914385.582275
923422.005551
903495.872748
916880.428586
898134.755564
923771.490464
917097.679855
916524.760412
903495.872748
889291.99098
901831.424503
897652.245114
908229.340404
887424.475645
920560.266935
881141.655919
914103.022847
920395.060982
886177.921134
917245.047196
919012.717876
903495.872747
909892.920543
917290.406805
903495.872741
885495.712989
919736.901405
910473.901874
923666.751032
909892.920539
923022.733905
920368.615237
915620.907188
885495.712989
897652.245114
920560.267106
921416.730399
917097.679855
922049.167072
918069.712588
879506.204685
897270.627443
905737.551547
923311.077101
881848.962318
920110.872122
886722.463513
889400.483773
907356.443256
886030.342623
898380.73743
923422.005566
897652.245114
923311.077102
886716.30971
903577.298972
916298.247591
890949.136805
915620.9072
895939.160601
908229.340349
900310.67172
889291.99098
903577.298972
919012.717876
903374.683075
923896.443294
923311.077102
927694.932959
917097.679856
897358.897619
886716.30971
888484.599902
919059.731286
913462.247446
919012.717876
919835.140366
907356.443256
897794.788274
902305.295199
913386.775903
886716.30971
927435.779003
925407.041438
897358.897619
916298.247589
903495.872748
886579.273438
920368.615237
923213.653733
886177.921135
879345.147495
901363.887058
897358.897619
927694.932959
928480.310162
909892.920539
887174.275466
905737.551524
904267.609655
913386.775903
919012.717876
894888.150761
894888.150758
920560.267103
906134.671583
921797.751544
917826.715317
922006.099082
919012.717876
905737.55156
908229.340394
908229.340393
884357.050363
922049.167072
875358.290943
896606.929096
909892.920539
922049.167072
903577.298972
917343.027633
894494.19265
921033.087105
923729.897091
922049.167072
903495.872747
886177.921134
927694.932959
922049.167072
903577.298972
900310.67172
906134.671584
918660.816802
913462.247446
897270.627443
920560.267099
918699.771329
905737.551561
917748.920668
919430.935175
890949.136805
922175.311767
906134.671581
925407.041623
919184.451394
919657.579931
921416.730417
900310.67172
923896.443294
891826.608255
915620.9072
917097.679855
916623.840701
917748.919982
920110.872122
911675.277716
917290.40614
917097.679855
924097.532876
902305.295199
914603.815438
881755.727579
906134.671583
886722.463513
915015.093988
907356.443256
927435.779003
912763.678707
917245.047196
903495.872681
903577.297532
923311.077102
916483.178524
923422.005565
887424.475644
922006.099083
906134.671582
896823.812999
925381.796025
905737.551561
906134.671584
897358.897619
925407.041622
917748.920664
907356.443256
927694.932959
923422.005566
905737.551561
919012.717876
917245.047196
898380.737432
923311.077102
917245.047189
909501.397877
897652.245114
916298.247592
910303.523174
923422.005507
906134.671578
905737.551561
910681.697583
886177.921135
915015.093988
910379.993942
903577.298972
903495.872746
903189.319328
908229.340403
897543.941722
927566.653239
914603.815438
895939.160601
907356.443256
925381.796025
917245.047196
897652.245114
913608.050996
914487.386569
893478.637435
909892.92054
920560.267106
925407.041615
925322.688796
915620.9072
915620.9072
919657.579931
