14
19
24
19
45
35
18
67
19
26
25
33
24
37
41
18
37
27
31
21
27
21
146
16
47
38
42
27
28
44
41
27
113
44
19
25
14
38
21
13
38
47
44
23
13
19
17
55
15
54
29
38
48
83
123
16
38
39
52
128
55
35
20
47
26
26
42
17
24
24
21
31
21
14
28
35
56
74
32
33
79
15
18
48
37
31
47
37
36
25
41
12
47
18
32
27
20
33
33
49
28
17
48
25
17
33
41
40
21
22
33
37
19
21
19
19
47
29
126
44
33
143
37
37
15
52
29
25
14
28
26
29
60
17
32
125
33
35
33
28
25
11
56
43
132
22
21
50
38
21
53
58
19
16
177
46
22
31
47
419
87
42
27
49
23
53
24
71
20
23
26
21
24
29
63
79
34
33
114
30
31
67
19
19
254
37
31
131
44
27
19
38
45
18
17
27
23
15
43
31
40
23
33
11
32
42
47
21
29
59
14
13
27
39
24
42
39
25
26
46
31
43
31
36
52
44
20
17
25
23
52
34
29
15
28
34
12
28
11
62
23
22
48
29
14
30
64
47
31
37
43
37
162
23
19
48
197
16
17
71
67
70
22
30
26
40
45
17
23
27
36
30
36
29
31
54
35
39
31
94
43
35
45
56
47
60
17
22
21
57
13
43
31
27
35
28
20
23
25
25
20
35
22
26
53
24
22
28
22
24
16
25
52
16
32
44
28
31
16
26
21
31
29
38
26
53
14
37
56
43
57
35
32
28
22
15
41
34
39
15
43
42
16
47
16
42
30
52
25
23
15
49
59
186
16
68
25
27
42
56
97
24
114
35
19
33
18
43
45
18
51
28
27
51
36
631
26
35
54
121
14
23
59
