958207.454138
959143.849974
960234.295268
960731.804331
955212.789197
957616.979849
957265.345972
960204.125782
960209.159461
957584.163871
957789.218522
956549.297435
956903.394506
957671.136142
961409.842411
958259.325622
958957.355148
960123.652915
960025.689668
958386.66669
959016.815897
960498.31048
956368.12865
958294.796787
959726.899222
960065.245632
959792.478954
958061.375291
957972.425305
957942.07165
958296.865169
958438.301252
959198.412589
963477.76992
958886.560946
958834.925559
959829.822645
962919.312755
955618.766796
955176.478442
955547.160761
959585.820926
963562.582858
953925.251095
957825.179261
958488.511437
957145.825499
961960.909584
954125.947474
958259.201877
956361.425658
952939.845819
956028.048415
959945.536066
953436.128848
958271.966004
960441.35418
957227.287274
956058.921809
957842.367073
956494.119058
956940.624177
963872.640356
957077.522922
955700.200097
957396.939035
954598.771153
958058.498692
954849.684809
958947.996552
958553.04982
960358.456426
956300.70503
959444.934488
952601.648084
956997.624608
955271.634638
957734.837459
956770.944983
956930.034713
962213.662134
953344.795032
961693.547144
956660.233086
955876.936805
955695.578412
956809.365903
958805.983336
960818.211252
955038.782957
960075.016151
955433.264045
957019.612533
954521.549696
955071.222343
955298.608055
959185.563697
958949.601832
957780.266195
956053.062642
959101.444642
960659.714153
961106.067296
957357.990858
956383.192883
957702.766267
958643.618452
961848.816626
962789.021794
958993.452087
955100.193709
958888.302343
956252.620663
960616.089984
960452.687827
954732.036577
955893.673586
952909.860877
955652.764235
