533
568
629
778
902
411
928
961
794
1174
634
913
837
951
404
519
491
587
963
698
982
1439
677
606
867
771
558
707
933
1244
572
481
1112
1136
468
752
536
1113
1140
777
1366
649
872
1059
1227
1304
1097
568
1014
968
802
675
629
916
643
535
720
663
791
401
889
1566
1076
751
873
707
1047
1082
1045
1086
359
676
824
757
928
1192
985
531
846
439
786
1161
698
596
1203
797
1195
1394
851
1080
794
720
509
909
1101
1347
639
1055
673
684
681
718
329
791
997
476
586
645
607
569
1256
687
1450
526
673
1052
575
656
689
