953193.79854
950900.830121
949996.765776
934403.263278
949392.02256
940260.42711
938687.81122
937140.835348
945493.277704
934934.126432
912468.667473
914678.399472
930732.085961
941864.360006
934622.527867
949198.730048
938884.360799
945505.122547
934209.61008
939885.304929
948038.831602
918721.212434
949198.730048
926972.541009
914668.098246
941347.379431
944633.414182
954136.187431
926768.199255
941265.192316
949987.537115
949996.765777
938687.322723
949987.537115
933476.853205
942796.089023
943504.883733
935280.463748
926972.540869
953193.79854
935973.60689
935808.130265
938687.322723
944228.948548
950528.05291
941864.360006
931359.356949
941582.541378
952001.396371
941347.37943
938429.140898
948975.39601
918501.397568
935722.824927
947255.554385
919879.179807
930223.122621
941622.85803
914842.398916
933476.853199
951166.276533
903373.502378
931769.399011
940880.290165
932119.26633
943699.520549
941265.192316
923420.65705
914668.098247
940070.056878
949392.02256
954136.187431
947859.449016
942968.833388
951365.940822
941622.85803
931543.984683
937854.038982
952001.396371
927760.967516
940924.100976
948065.114889
942796.089023
951166.276533
938687.322723
934115.23567
928644.21999
935973.60689
948975.396018
935973.60689
942389.910439
949987.537115
942871.790885
926972.540783
948975.396018
935842.537381
940260.42711
947011.015758
949526.890152
926069.5447
952001.396371
927757.631813
931543.984683
905810.971844
941638.302752
940070.056878
949848.997851
949392.02256
912510.851848
948038.831602
949437.045704
943317.59532
933437.408088
949392.02256
954136.187431
874719.047726
942389.910439
942957.45069
951352.096427
912478.16346
940901.199739
941342.5483
924984.002191
921946.93817
935419.313949
931543.984683
949292.104607
890506.073077
932450.519808
932829.343347
934115.23567
940070.056878
935842.537381
949987.537115
933476.853205
941247.291622
944611.637661
941622.85803
931651.103628
947255.554385
947011.015758
934723.845185
949996.765777
939537.455511
937627.030275
929490.728235
935973.60689
945745.787991
923924.539425
928803.173877
911050.706412
928935.655111
874719.047729
950900.830121
942968.833388
952001.396371
950900.830121
942078.977637
942503.558454
925167.652935
953325.242588
945537.378276
924001.831105
947088.99097
941657.084109
928611.8055
942643.902558
938758.827214
933476.853205
940916.133536
943504.883733
949292.104609
941265.192316
930461.681916
944556.145236
949392.02256
942055.463051
943715.217508
950125.041095
927314.718024
924807.126845
939611.475461
942839.599679
953325.242588
948773.572111
944228.948548
938687.81122
941410.16966
953325.242586
950125.041095
936440.393687
944609.617574
950900.830121
921879.324929
935808.130265
948447.740864
937140.835348
934403.263278
950528.05291
942389.910439
926972.541005
925851.737934
948773.572111
950900.830115
927122.177604
941335.981883
933947.504252
897674.779188
937961.754162
943504.883733
939448.082669
954136.187431
938621.858576
942389.910439
907463.451106
922767.233714
945612.594907
948614.332111
942839.599679
936181.810997
946384.213677
942389.910439
908290.028675
950900.830121
935808.130265
954084.504191
944641.319454
932919.77741
943178.904369
949392.02256
931543.984683
935808.130265
933947.504252
941308.023572
953325.242588
935722.824927
938261.336662
938518.971634
952001.396371
934386.249986
953966.986391
950900.83012
944641.319451
944352.251068
934574.372779
952001.396371
935735.192204
928888.503548
914668.098246
942389.910433
949392.022559
920266.51501
950125.041095
923705.229366
943504.883733
944311.249599
937652.901709
924807.126845
940901.199739
950019.069448
949848.997851
947088.99097
943504.883733
934115.23567
920239.283258
933947.504252
942389.910439
952001.396371
928755.128557
924802.632923
947859.449016
891517.853004
932806.732254
947255.554385
921008.313709
947859.449016
938687.322717
949292.104607
939554.810886
950397.356548
947011.015758
945612.594545
953909.64484
934723.845174
924687.636673
904408.350678
953998.627711
947184.572339
942389.910439
937257.205281
934137.632485
949392.02256
935547.349983
940193.142107
935973.60689
928635.899619
935547.349983
947859.449016
928762.787887
936769.625304
943471.308308
940931.339081
935907.542906
947754.245777
935547.349983
936965.334619
935973.60689
942078.977637
936903.962341
939162.766635
947255.554385
913972.21805
922072.282108
942078.977637
933947.504252
949597.341631
919634.598647
941638.302752
933674.064498
949848.997851
932583.653082
947088.99097
921861.058081
934622.527867
935547.349983
927318.297127
901341.272456
942871.790885
913322.521657
949392.02256
921861.058178
939225.032685
934609.515875
932544.97161
945612.594908
941864.360006
940931.339081
938791.863621
944228.948548
935280.463837
930180.424596
917821.435497
930518.607501
949444.11872
952001.396371
938791.863621
950397.356548
925886.89588
940931.339081
936181.810997
940070.056877
937854.038982
919634.598668
937854.038982
950125.041095
941638.302752
935808.130265
932952.409445
934723.845185
938159.412225
939958.657929
954136.187431
928877.817173
950494.27525
919689.247308
949444.11872
941582.541377
953193.79854
936060.269557
929412.222576
949987.537115
930812.847763
951166.276533
935973.60689
954136.187431
940193.142107
924984.002188
936094.43182
950019.069448
935973.606989
947184.572347
937107.926907
937961.754163
952001.396371
934115.23567
948065.114889
935722.824927
949392.022515
951352.096427
914491.559416
937854.038982
941582.541376
949996.765777
947011.015758
935973.60689
947255.554392
945612.594908
949198.730048
