36
27
32
21
29
22
60
59
31
157
253
204
77
51
36
21
40
68
56
69
52
193
66
76
36
42
26
62
89
33
33
19
29
58
47
31
36
32
126
23
34
33
48
23
49
74
48
44
55
25
46
32
89
50
25
107
168
39
72
41
27
76
49
217
34
39
49
130
28
29
56
75
64
75
35
28
49
24
46
48
34
39
20
31
35
548
38
53
28
47
46
34
26
581
29
31
18
28
64
47
22
58
24
39
14
27
26
65
1896
105
49
60
28
26
55
127
42
65
26
39
44
157
64
33
44
33
62
245
49
160
254
39
23
39
54
46
33
20
18
64
62
25
36
27
1504
36
29
31
68
37
247
76
52
30
127
32
29
52
71
100
37
32
172
50
84
71
37
23
81
50
32
45
58
370
18
51
30
60
46
653
49
50
44
17
20
20
79
59
24
32
42
26
61
87
29
44
53
31
53
52
79
38
14
25
1530
28
29
34
38
22
252
30
36
49
49
63
17
24
35
45
25
54
83
48
21
40
29
154
42
52
27
33
23
35
43
31
39
322
31
112
31
64
50
25
29
26
27
470
26
77
54
21
31
58
24
21
81
42
28
37
38
30
28
41
452
60
27
43
34
127
32
77
57
59
53
29
33
31
29
43
20
74
23
26
169
94
31
38
32
54
43
59
46
40
29
31
57
51
121
39
25
47
39
21
35
29
23
65
42
47
42
87
103
58
20
13
36
18
45
26
94
32
27
45
35
85
77
24
56
30
59
26
121
49
52
64
56
37
41
34
188
157
1179
36
14
35
33
358
52
13
30
24
33
30
34
15
25
20
42
48
49
52
43
111
63
28
52
62
242
40
24
602
21
28
32
39
133
25
48
27
39
35
24
31
262
30
37
26
26
48
30
56
34
47
32
20
62
42
