877496.120488
881800.465509
882485.208478
880171.828553
882684.236657
883120.860472
882035.147506
882270.85982
885911.870531
884728.507304
884921.270016
884860.278235
886863.27018
886883.80149
878870.77404
880019.147955
878104.116587
879493.007931
883442.274323
879510.120341
882231.593745
879189.420053
882339.663416
885579.548459
880410.814827
878302.310292
880798.210277
880178.278264
876098.702187
878697.32438
880687.108082
883358.714439
881162.753169
881232.87033
882273.973945
884393.990451
879962.975039
884089.228231
885552.245968
881344.643081
877791.698585
876314.410684
884224.227721
877035.217309
885822.733844
882179.597157
882336.651254
883203.59519
887737.856703
885429.504836
884645.824403
878235.201493
887909.788146
879592.703442
879783.213325
886763.120456
877992.749995
887764.812251
887298.09174
885270.931853
879765.912817
877567.359637
884851.505024
880426.081417
882191.525096
882190.595843
879602.958173
880140.166451
884674.744054
879326.657569
884971.377486
880401.53131
882873.869992
884082.586009
885702.308062
882369.679653
883093.443466
881929.986248
880530.086709
879121.903124
880434.240151
884075.156465
880676.066744
878362.311518
884888.985736
882854.344801
880828.020346
877805.95168
886642.3237
881874.054749
884770.935685
887259.121982
879250.700704
878781.754511
886183.215004
879628.709361
876690.072687
882360.277513
886460.88068
886567.085782
885065.651817
880039.633898
877687.799764
882810.544538
879913.995023
880415.462288
881313.299407
884261.606557
879258.631903
881849.921221
886558.73288
886116.06958
878034.034174
883523.014041
888007.370816
883898.681556
882668.640204
879544.284249
877501.941958
887045.248534
883914.906169
888455.117806
884538.355237
878934.605414
876708.960432
878814.173786
881839.702971
883417.508831
883618.375631
886276.791151
880466.271243
879869.873179
883626.595261
884416.982212
879154.163994
884927.451698
882134.251051
880927.638253
