621
681
743
1058
600
526
1279
1033
477
499
937
627
443
738
1051
740
572
1453
747
932
998
587
950
820
844
848
655
1114
1237
1543
635
588
837
870
806
834
665
500
713
1059
866
779
927
759
557
775
1147
1143
806
480
674
1272
798
1449
783
646
669
490
572
706
1029
1085
427
1048
641
908
627
807
397
746
579
695
723
1306
482
714
525
886
802
1001
627
632
1202
991
724
741
657
1135
473
784
444
1145
904
1093
936
796
932
665
588
897
638
1069
957
604
558
734
805
745
687
1379
458
434
765
996
492
578
913
789
912
663
643
488
891
962
938
505
553
816
382
520
683
859
821
654
728
987
1155
1210
