1350485.61987
1349428.18615
1348739.50519
1351040.07391
1350226.0236
1347025.7616
1351125.6402
1345667.60759
1351684.85584
1351833.54483
1350744.88163
1350577.33037
1352059.06376
1353295.1472
1355168.91139
1350773.61841
1346500.16948
1345520.07933
1350242.42644
1349986.04372
1352063.26801
1351468.47082
1352656.64461
1346331.00498
1348558.37245
1350121.51865
1351825.05329
1351950.25308
1348568.05806
1347645.12463
1348961.98343
1350620.52705
1351520.0685
1346707.79496
1352200.93097
1354763.00397
1347703.14908
1348894.59626
1348141.50908
1354986.14453
1350820.75417
1353166.84358
1348184.05657
1348876.82784
1347622.18945
1350970.06025
1342840.35111
1344328.63354
1351989.63698
1351722.42319
1351225.93464
1351476.1679
1347936.48631
1344359.41885
1348040.27141
1351571.34394
1351853.55659
1355977.26239
1354903.17248
1353570.40236
1350527.3676
1353211.84166
1352931.15566
1354194.6668
1347321.24274
1350061.72339
1348343.08341
1350142.76783
1351475.55149
1351267.5158
1347489.03663
1349949.87908
1351994.55614
1352829.85754
1341381.90364
1347903.776
1350999.30196
1344469.00449
1348681.1777
1350161.29385
1346956.10899
1349655.75483
1354114.50716
1349227.41202
1347261.86381
1349835.71847
1351850.09602
1347203.62604
1352100.67623
1350071.42185
1345713.51506
1350509.2461
1349266.80038
1352689.34124
1349852.0533
1353109.13143
1347633.82421
1347534.5369
1347585.05864
1352339.1942
1347606.57259
1351362.89793
1351337.98632
1351808.75792
1351707.01865
1348489.80083
1346462.44027
1353303.07706
1347034.53741
1350933.52173
1345216.33356
1348984.62812
1350743.06577
1351359.66699
1343091.21628
1349086.82195
1349706.06987
1352035.17627
