876868.877863
890191.747513
892710.895002
890515.804346
888978.501066
891060.976008
856813.958974
855053.631167
891143.661388
883725.263238
886047.213352
878186.641268
854770.43612
890703.517888
889949.296574
863332.13511
876503.759067
871854.290395
848303.983923
857456.599914
890160.780787
889574.247813
892159.883192
889986.128979
855331.227229
873132.024853
884643.346174
873384.834684
865161.193241
892883.370424
890959.100214
858063.559851
888687.359438
855120.59482
882742.958357
855133.669298
883531.992717
872745.029338
892159.883192
855247.700723
882538.866546
883820.441633
857674.72648
889713.588371
891057.625823
877822.76661
876171.752504
891924.644935
890925.36757
882977.869757
857079.111888
873022.695984
883886.765069
854579.159522
873645.680123
887038.85269
848773.307254
864170.810171
892883.370424
888957.137394
887565.829461
855472.827962
861242.277458
855885.505179
858493.972441
868191.357441
889649.883062
856690.748712
857572.644156
883445.368965
883886.765069
882702.104666
873022.695984
892272.140568
875805.532454
883739.617837
887532.303513
883822.865353
890925.36757
884643.346173
877316.319286
892694.172048
877291.945838
865925.308266
883886.765069
877189.207272
876784.941444
876353.632677
854543.985974
854656.357067
857890.724526
891660.171194
890449.830032
892883.370424
887532.303513
867359.461924
863085.063631
891714.086922
870844.262474
892883.370424
889910.394624
857655.517873
882974.43228
867402.236854
885070.606982
858058.302003
871472.317382
883212.656751
892641.279696
890925.36757
872745.029338
883886.765069
876173.956879
890515.804346
892883.370424
883031.994515
853694.324587
873798.460368
865528.444372
892710.895002
889949.296574
874655.875122
892883.370424
871725.063338
892710.895002
888948.279339
855895.70105
870501.478633
891919.087174
887532.303513
885063.125211
883255.97565
887532.303513
849664.838532
847262.570701
887004.237772
890463.600306
886365.062294
883255.97565
882343.002975
889898.120424
848576.910021
890703.517888
871453.139778
870996.900194
887532.303513
863343.621544
855141.74832
883522.189888
854773.112505
892159.883192
890532.94006
858164.078255
891446.292288
854955.523076
857334.943744
872741.741697
848705.303716
879266.22188
873022.695984
866084.245413
881807.363842
875310.594622
858058.302003
892710.895002
891660.171194
855472.827962
877433.002407
889375.50221
890959.100214
892710.895002
857334.943745
889446.63171
857684.933571
856690.748712
855701.891894
883036.465983
