55
84
137
136
88
118
75
67
93
66
58
53
84
62
76
47
96
31
43
67
69
129
57
81
58
64
38
75
75
72
51
88
77
72
95
82
96
38
50
33
68
80
46
63
88
62
47
111
65
54
61
84
57
114
51
41
60
50
75
67
69
42
52
57
28
98
164
86
146
119
82
118
67
43
74
76
34
59
117
62
100
94
68
166
106
77
49
49
102
88
88
41
86
72
53
94
71
90
49
101
89
110
63
79
50
48
65
66
54
63
64
91
51
84
62
82
30
48
63
94
90
150
88
32
86
77
62
56
64
63
87
737
53
218
51
218
26
59
123
76
60
78
85
58
36
54
52
56
106
71
166
48
425
95
61
51
38
84
93
82
126
104
59
64
77
80
40
106
62
95
112
45
38
79
69
66
69
