1313785.7232220338
1312707.8228890297
1312084.0266410836
1309524.6806510726
1304666.3838834492
1313547.4573798724
1313075.7145099738
1310239.437510675
1316382.47640889
1314108.1343081729
1310862.3527520897
1311317.8597231824
1309474.543875305
1313742.818105664
1311314.4929883818
1306486.1287014391
1309808.3350636964
1311384.1514368362
1309402.6602744006
1314260.3495491443
1316483.0920148613
1316630.0448792456
1312561.9622953427
1312661.5423834438
1312748.3974237521
1313418.7727010474
1311098.6687407354
1309616.2884409304
1310750.6341443502
1312254.502754586
1313560.1236033132
1313095.750780667
1314640.2149240675
1308520.2608764914
1311532.662814404
1313378.8657014326
1315635.5237398741
1313269.502682176
1313433.1768462893
1305883.60022247
1310866.88981497
1313290.576359514
1309781.5343702731
1315100.715444093
1314876.0035664442
1312448.3927146462
1313402.9539281959
1313452.8152068655
1315343.6600264378
1312344.3857020624
1313946.7487380246
1312819.260622137
1312567.7216035074
1310789.3586708175
1313180.0233815454
1303970.9839587822
1314132.4743445534
1308207.0755746558
1313417.765944488
1314492.7022938442
1315094.1443318091
1314542.2215186385
1313310.8919847726
1311782.3039646163
1312363.0243678165
1308122.8483703348
1309216.6775936487
1310683.0876798108
1315015.3570065538
1313130.4192062959
1311272.9225533449
1314389.2808961207
1312477.9666457116
1314968.1311532522
1312177.520342375
1316367.0598704887
1316838.1609812512
1314646.2160500803
1313791.1118515572
1313582.8082758766
1316329.509244247
1308798.1952450085
1310693.294979965
1315211.3760253314
1314452.0084967215
1313796.0546512231
1315612.3885482189
1315679.6517595665
1310780.4622574276
1312266.8134641808
1315400.961250972
1314782.7723521553
1319337.4624830007
1313750.0054644982
1315487.039505473
1311274.40100207
1315724.7207074761
1314013.0737182891
1315159.993079227
1311387.9887169893
1313127.4201285634
1313231.0164616138
1309960.329573751
1313109.4746758412
1311603.6093303119
1313397.7655431845
1313247.7541793992
1311520.758652729
1316606.9051098553
1312729.151887893
