1353970.16279
1352411.95334
1351919.48926
1348969.78328
1348304.52883
1353699.56499
1352636.73386
1349940.30062
1354539.29341
1353564.18779
1349855.56713
1350853.45113
1348360.22417
1353571.37182
1351043.94545
1345644.55723
1348097.92873
1350382.60747
1348601.02601
1354073.77303
1355724.30603
1355654.06353
1352170.52482
1353111.71673
1352050.37342
1352465.02226
1351237.28233
1349630.62503
1348908.85436
1352457.17762
1352930.75264
1353373.75702
1353403.04118
1347663.31162
1349847.45504
1352907.32832
1355073.13613
1352967.88717
1352961.19564
1346560.95899
1349467.67781
1352681.73272
1349759.46444
1353903.57647
1353891.32838
1350775.07908
1352524.56696
1352561.79456
1353656.40497
1351173.17794
1353558.25888
1352775.32825
1352365.82387
1349704.59044
1352688.21163
1344726.45424
1353395.93766
1346750.56217
1353514.83144
1354493.17775
1353556.08939
1353755.0479
1352883.83819
1351556.4959
1351227.90732
1347757.37394
1348614.95916
1350324.21165
1353985.4218
1353202.57943
1350917.94945
1354436.53569
1352007.86136
1354009.32413
1351746.58197
1355177.60662
1355893.85828
1353735.21179
1352693.16091
1352478.21355
1354120.74199
1348819.79461
1349383.20749
1354301.04974
1352634.35112
1352519.41773
1355622.04262
1354038.58858
1349053.06257
1351811.84373
1354764.98363
1353236.26921
1357709.4021
1352589.45096
1353617.84007
1351498.52651
1354556.35132
1353756.95948
1354702.11997
1350435.68032
1352831.74353
1352511.72053
1348877.55398
1352171.35518
1352082.84152
1353083.94968
1351770.49508
1351388.22341
1354687.83951
1351591.51398
