978254.836234
981283.878244
988350.620473
987462.754496
990296.622437
979488.083814
987873.219598
984234.186592
967280.189807
973962.950801
952464.891224
987318.641569
968653.447265
940053.529679
950859.811888
986437.188633
988379.093593
970230.880968
989201.491498
979964.168826
984214.176177
982460.471199
989218.36944
982202.602481
989218.36944
989201.491498
965267.679557
988350.620472
982438.425817
982949.741135
974578.219889
980556.979759
975483.081937
959883.770795
955568.643916
957220.495129
956171.343416
974323.343221
974747.051504
988350.620472
973826.756883
971190.592391
971069.524922
990837.903024
982438.425817
987362.050201
991404.674718
967875.119633
981377.182102
977242.845279
982997.581805
956893.937347
987462.754496
974243.794921
991404.674718
986437.188633
988340.940362
969954.794779
968985.170476
983936.556404
977981.135269
968296.413673
974771.264979
982997.581806
972482.920117
988108.591054
980157.39325
986387.130163
977298.369118
988977.069038
989874.349026
992642.870223
971785.388186
989218.36944
958606.038715
988340.940362
988565.24402
987318.641568
974747.051513
941393.94172
983450.518087
988350.620472
965912.623258
990837.903024
968892.731759
989874.349026
982380.126956
964217.973066
941497.618065
989874.349026
990682.582105
988991.908653
938490.36492
981800.160701
978261.875446
974376.478081
956767.122696
966384.686953
988100.497659
986100.933417
989856.052545
964883.95452
988350.620472
983586.406914
975790.576054
982438.425817
982438.425817
983066.140135
947505.408531
989218.36944
939493.09942
984322.061272
982977.519312
968680.34231
978616.895536
978566.733346
982460.471199
973149.303483
992663.637117
988436.75534
970295.289331
987234.783003
987234.783003
991404.674718
974747.051507
967280.189856
975790.58616
979525.883686
974771.264982
951434.560103
978092.951964
977242.845279
982380.126956
989030.933718
987318.641569
988379.093593
965172.72049
968058.975509
975483.081937
977774.569885
981800.160701
983246.916774
976581.481381
978421.402452
966245.484554
990296.622437
949092.904453
982321.611904
965788.459524
987168.331543
982977.544202
979491.63967
987287.900424
988379.093593
987462.754497
982460.471199
961490.874401
990837.903024
974771.264981
971753.257368
987900.054064
987234.783003
967875.11942
988991.908653
940785.451402
988991.908653
987900.054083
985999.472109
986150.404174
975467.115876
957225.731662
958281.025893
988108.591054
971775.267405
975853.757096
915833.716051
967917.640683
944156.745
984922.627808
988991.908653
983692.728482
939582.5302
990009.462621
984322.061272
989218.36944
954632.184711
974473.341516
967917.640683
964965.092084
979122.835279
975483.081937
972705.232076
977203.431935
972321.849055
990682.582105
982321.611905
970066.051189
974117.533087
971581.119789
989218.36944
990837.903024
982763.05074
986437.188633
978166.214033
984709.3293
992663.637117
984322.061272
988350.620472
957273.74886
972969.318092
967875.119631
982255.192387
990296.622436
970366.771445
988350.620472
985999.472109
991404.674718
982360.966135
980437.437547
977915.836936
974062.461096
970452.221647
969191.527353
974953.940174
975457.342876
982460.471199
958124.552568
967280.189893
984322.061272
987287.900422
988556.862587
952355.180738
990837.903024
982879.018592
978926.079657
988340.940362
967917.640683
982321.611905
978926.079657
969618.578312
955098.615762
988924.388063
921178.492807
978254.836234
973963.177114
977233.883271
971428.297335
988350.620472
970230.880968
981961.917824
953268.957584
937143.675908
978156.999077
978092.951964
984922.627808
969603.039031
982321.611905
978246.61007
971018.24833
991404.674718
948546.098558
971063.418453
981800.160702
971581.11979
969603.039034
988924.388062
980157.393253
991404.674718
984709.329299
989792.831747
982321.611899
947752.833784
979428.654333
940196.741751
968481.693658
977498.445847
990296.622437
982321.611905
967508.966667
970766.0947
981274.186997
977485.257014
987287.900423
987234.783003
977774.569885
982321.611929
952162.081305
980603.958493
969613.55793
976581.481381
967875.119631
968892.731758
988350.620472
978623.232918
967875.11963
955710.037053
971370.272495
972675.332415
983261.292739
972482.920118
964189.963954
966978.343079
971785.388186
988977.069038
977242.845279
988565.24402
988108.591054
990837.903024
988379.093593
982147.870939
970784.342544
958701.088555
988340.940362
975422.098647
984709.3293
992333.793258
978920.696915
992547.803362
992528.929102
957787.413835
972482.920117
975236.790563
984234.186592
954315.179875
982380.126956
987287.900424
977981.13527
959955.165029
945147.278041
974747.051507
958658.344217
967770.586644
983782.3232
987318.641569
990837.903024
952072.389376
983450.518087
978926.079657
978642.970946
983936.529919
972937.789139
980501.23438
950983.658391
988350.620472
988977.069038
979554.017232
957055.908499
955568.643913
970836.928932
977298.369118
947676.506622
987462.754496
973766.886401
987234.783003
982321.611905
990009.462621
988924.388062
988340.940362
980566.486569
971898.078294
989874.349
983343.525142
988350.620481
977916.357859
991404.674718
977851.987675
975630.510134
974747.051507
955790.497613
984135.11492
972967.473624
988340.940362
979525.883686
974061.901154
965484.623583
976837.053273
951119.949622
982532.329546
988108.591054
990837.903024
981800.160701
969574.060456
981084.002879
978246.61007
973343.631838
982438.425817
990682.582105
977298.369118
975483.081937
