31
29
48
43
47
99
55
53
119
106
112
38
239
73
83
41
24
301
496
89
917
34
21
995
34
37
402
27
30
151
65
496
18
254
288
2091
127
47
20
21
329
54
682
54
63
42
26
111
21
18
34
338
49
27
24
44
37
76
597
149
15
1414
112
29
76
31
90
20
41
47
40
66
27
28
629
58
32
57
31
71
47
58
80
45
149
31
54
1062
376
39
24
20
244
31
41
47
445
1039
25
138
34
64
34
41
2144
64
16
50
1362
35
33
38
193
56
1509
1191
28
182
30
36
49
23
28
26
37
274
181
217
180
176
45
32
36
26
51
25
463
74
25
60
18
45
67
19
136
59
591
14
707
39
145
15
37
31
54
22
156
60
10281
40
46
20
132
47
196
29
37
18
35
1363
387
48
18
178
34
53
30
2439
49
22
72
45
51
41
25
768
54
31
1418
27
41
203
76
37
14
34
1771
371
47
22
116
131
21
23
38
62
39
28
64
234
101
32
63
130
44
38
50
783
20
121
157
74
2357
184
20
35
1461
167
236
63
117
47
18
60
35
58
40
45
40
97
101
21
1027
24
38
127
561
20
171
669
99
51
29
56
33
58
26
22
165
63
1653
94
51
46
29
41
39
50
35
57
44
55
79
58
25
178
16
73
493
451
24
23
30
52
35
20
508
18
134
110
194
102
31
85
14006
568
73
34
36
190
28
21
23
39
18
41
39
61
35
26
73
350
24
528
28
24
79
57
56
223
55
770
20
153
34
31
14
301
113
24
469
176
22
47
23
2150
44
30
930
211
28
46
1781
32
83
237
70
73
39
58
151
35
44
50
40
45
35
30
231
276
51
50
17
67
22
37
914
27
165
1120
69
57
35
209
85
1190
189
48
49
52
50
1477
110
20
169
28
43
22
57
