887650.215164
885007.938691
886897.153372
883597.010011
881621.41941
883281.533375
879606.923994
885431.406158
885897.304192
886255.137549
885689.068858
886156.978115
887924.964435
880634.515427
882605.298661
888294.14788
887375.335689
881960.269473
876644.009139
882412.614344
882628.892337
881397.270663
885493.806698
879914.363121
883390.361246
882207.77176
885360.11733
883920.286798
877701.039988
881652.545746
886530.304073
886164.272437
883572.543886
882120.583251
887477.783616
883890.355624
883344.1471
882294.390685
887833.475913
886236.915069
883777.871577
880849.550515
882995.577141
883364.816784
886506.076488
885240.02458
886516.114117
886868.019144
884544.11792
882382.394856
880792.137974
885700.915942
881658.097851
884637.722417
883705.277584
878166.852766
883915.201097
882344.453015
887278.716892
881651.7178
880341.146323
883107.207901
882492.48138
884442.703358
880938.5222
883038.261653
882008.611441
880292.090164
879619.709549
886590.971349
883839.638324
877734.486646
885296.731856
880271.901369
882259.503689
886557.044892
878194.454947
885315.436367
887947.11762
888066.218648
889885.834065
885917.05584
882146.523544
886319.668668
880401.608434
884667.07485
876222.710792
887714.246481
885982.388955
878957.470651
881533.17989
879224.770615
884179.135259
882635.918777
879640.199483
881538.801478
880189.874513
877403.781951
886464.851117
882422.676844
883836.305191
883556.372471
885805.556908
881711.480704
881597.930623
877227.650717
878648.711999
883113.856275
885426.654178
879820.420501
886475.544119
885528.807526
884845.254408
881237.298442
880874.088445
886678.002819
879082.38194
884345.491884
882558.330892
887716.531349
881712.038786
886108.515923
