479
613
675
604
1181
1173
787
877
617
432
962
768
512
1193
693
656
472
731
1006
894
803
719
671
1125
843
924
482
671
1201
1889
642
509
1141
828
466
709
1271
672
609
643
629
1132
792
708
421
623
631
488
1304
1193
1096
653
968
1040
811
1655
1704
499
846
630
930
1582
1130
453
1595
1418
728
1088
757
626
690
626
880
617
1090
770
1421
971
849
515
695
529
985
1069
607
561
408
500
958
683
905
1353
811
429
755
651
935
840
905
1207
806
897
676
1074
889
763
1241
1145
634
1301
1026
499
876
788
473
599
1020
618
1256
1225
983
985
